{
 "cells": [
  {
   "cell_type": "code",
   "execution_count": 1,
   "id": "4ad4b510",
   "metadata": {},
   "outputs": [],
   "source": [
    "from main import *"
   ]
  },
  {
   "cell_type": "markdown",
   "id": "7c8e7fda",
   "metadata": {},
   "source": [
    "## Gun Modelv2 non sym p-refinement"
   ]
  },
  {
   "cell_type": "code",
   "execution_count": 6,
   "id": "077fd849",
   "metadata": {
    "scrolled": false
   },
   "outputs": [
    {
     "name": "stdout",
     "output_type": "stream",
     "text": [
      "OCC_Gun_modelv2_nonsym_StainSt/al_0.01_mu_1,20_sig_1.45e6,4.5e6/1e1-1e8_100_el_26657_ord_2_POD_13_1e-6/Data/\n",
      "Opening files from this path =  OCC_Gun_modelv2_nonsym_StainSt/al_0.01_mu_1,20_sig_1.45e6,4.5e6/1e1-1e8_100_el_26657_ord_2_POD_13_1e-6/Data/\n",
      "6\n",
      "R [-5.88638217e-06 -3.34140009e-07 -3.65625431e-07] [[-9.99999874e-01 -4.24805048e-04  2.66961063e-04]\n",
      " [-2.63840761e-04 -7.32843615e-03 -9.99973112e-01]\n",
      " [-4.26750033e-04  9.99973056e-01 -7.32832315e-03]] 1\n",
      "Rtilde [0.00204674 0.00052061 0.00046348] [[ 9.99999688e-01  6.07529906e-04 -5.04652828e-04]\n",
      " [ 6.09855282e-04 -9.99989139e-01  4.62056897e-03]\n",
      " [ 5.01840213e-04  4.62087529e-03  9.99989198e-01]] 1\n",
      "I [9.42188123e-05 1.34991837e-05 1.00468917e-05] [[ 9.99999511e-01  8.45019542e-04 -5.14295864e-04]\n",
      " [ 8.36585190e-04 -9.99868667e-01 -1.61848137e-02]\n",
      " [ 5.27904804e-04 -1.61843755e-02  9.99868885e-01]] 1\n",
      "7\n",
      "R [-8.13810543e-06 -4.62387496e-07 -5.05983209e-07] [[-9.99999874e-01 -4.24839428e-04  2.68988315e-04]\n",
      " [-2.65862027e-04 -7.34174511e-03 -9.99973014e-01]\n",
      " [-4.26802807e-04  9.99972959e-01 -7.34163123e-03]] 1\n",
      "Rtilde [0.00204448 0.00052047 0.00046335] [[ 9.99999688e-01  6.07997375e-04 -5.04757035e-04]\n",
      " [ 6.10324503e-04 -9.99989127e-01  4.62311334e-03]\n",
      " [ 5.01940706e-04  4.62341996e-03  9.99989186e-01]] 1\n",
      "I [1.10702215e-04 1.58792772e-05 1.18168165e-05] [[ 9.99999509e-01  8.46982856e-04 -5.14494447e-04]\n",
      " [ 8.38543685e-04 -9.99868624e-01 -1.61873662e-02]\n",
      " [ 5.28137276e-04 -1.61869268e-02  9.99868844e-01]] 1\n",
      "6 1.0\n",
      "[-5.88638217e-06 -3.65625431e-07 -3.34140009e-07] [9.42188123e-05 1.00468917e-05 1.34991837e-05]\n",
      "[[-9.99999874e-01  2.66961063e-04 -4.24805048e-04]\n",
      " [-2.63840761e-04 -9.99973112e-01 -7.32843615e-03]\n",
      " [-4.26750033e-04 -7.32832315e-03  9.99973056e-01]] [[-9.99999511e-01  5.14295864e-04  8.45019542e-04]\n",
      " [-8.36585190e-04  1.61848137e-02 -9.99868667e-01]\n",
      " [-5.27904804e-04 -9.99868885e-01 -1.61843755e-02]]\n",
      "0.00887601472782736 1.5796533789629847\n",
      "0.012552580407916795 2.0088374114063714\n",
      "7 1.0\n",
      "[-8.13810543e-06 -5.05983209e-07 -4.62387496e-07] [1.10702215e-04 1.18168165e-05 1.58792772e-05]\n",
      "[[-9.99999874e-01  2.68988315e-04 -4.24839428e-04]\n",
      " [-2.65862027e-04 -9.99973014e-01 -7.34174511e-03]\n",
      " [-4.26802807e-04 -7.34163123e-03  9.99972959e-01]] [[-9.99999509e-01  5.14494447e-04  8.46982856e-04]\n",
      " [-8.38543685e-04  1.61873662e-02 -9.99868624e-01]\n",
      " [-5.28137276e-04 -9.99868844e-01 -1.61869268e-02]]\n",
      "0.008865279261434001 1.5796426222403372\n",
      "0.012537398165744913 2.0088267023964193\n"
     ]
    },
    {
     "name": "stderr",
     "output_type": "stream",
     "text": [
      "/Users/paulledger/Coding/Rodrigues_Angles/src/Fmeasure.py:30: RuntimeWarning: divide by zero encountered in scalar divide\n",
      "  Fexactconst[n] = np.abs(np.linalg.norm(R-I,ord='fro')**2 - diffeig) / np.abs(normalisation)\n",
      "/Users/paulledger/Coding/Rodrigues_Angles/src/Commeasure.py:36: RuntimeWarning: divide by zero encountered in scalar divide\n",
      "  Comexactconst[n] = np.abs(np.linalg.norm(Z,ord='fro')**2 ) / np.abs(normalisation)\n"
     ]
    },
    {
     "name": "stdout",
     "output_type": "stream",
     "text": [
      "6 1.0\n",
      "[0.00204674 0.00046348 0.00052061] [1.34991837e-05 1.00468917e-05 9.42188123e-05]\n",
      "[[ 9.99999688e-01 -5.04652828e-04  6.07529906e-04]\n",
      " [ 6.09855282e-04  4.62056897e-03 -9.99989139e-01]\n",
      " [ 5.01840213e-04  9.99989198e-01  4.62087529e-03]] [[-8.45019542e-04 -5.14295864e-04  9.99999511e-01]\n",
      " [ 9.99868667e-01 -1.61848137e-02  8.36585190e-04]\n",
      " [ 1.61843755e-02  9.99868885e-01  5.27904804e-04]]\n",
      "0.020806969693741323 1.5711314110467482\n",
      "0.029425498732774953 2.00033505617992\n",
      "7 1.0\n",
      "[0.00052047 0.00046335 0.00204448] [1.10702215e-04 1.18168165e-05 1.58792772e-05]\n",
      "[[-6.07997375e-04 -5.04757035e-04  9.99999688e-01]\n",
      " [ 9.99989127e-01  4.62311334e-03  6.10324503e-04]\n",
      " [-4.62341996e-03  9.99989186e-01  5.01940706e-04]] [[-9.99999509e-01 -5.14494447e-04 -8.46982856e-04]\n",
      " [-8.38543685e-04 -1.61873662e-02  9.99868624e-01]\n",
      " [-5.28137276e-04  9.99868844e-01  1.61869268e-02]]\n",
      "0.02081208272603293 1.5711329540023622\n",
      "0.029432729652386597 2.000336598876407\n",
      "Computing F measure Tilde\n",
      "6 1.0\n",
      "[0.00205262 0.00052097 0.00046381] [1.34991837e-05 9.42188123e-05 1.00468917e-05]\n",
      "[[ 9.99999689e-01  6.06287318e-04 -5.04380924e-04]\n",
      " [ 6.08608147e-04 -9.99989170e-01  4.61398526e-03]\n",
      " [ 5.01578061e-04  4.61429079e-03  9.99989228e-01]] [[-8.45019542e-04  9.99999511e-01 -5.14295864e-04]\n",
      " [ 9.99868667e-01  8.36585190e-04 -1.61848137e-02]\n",
      " [ 1.61843755e-02  5.27904804e-04  9.99868885e-01]]\n",
      "0.02080040044626354 1.571132591224496\n",
      "0.02941620841389729 2.000336236159573\n",
      "7 1.0\n",
      "[0.00205262 0.00046381 0.00052097] [1.58792772e-05 1.18168165e-05 1.10702215e-04]\n",
      "[[ 9.99999689e-01 -5.04380924e-04  6.06287318e-04]\n",
      " [ 6.08608147e-04  4.61398526e-03 -9.99989170e-01]\n",
      " [ 5.01578061e-04  9.99989228e-01  4.61429079e-03]] [[-8.46982856e-04 -5.14494447e-04  9.99999509e-01]\n",
      " [ 9.99868624e-01 -1.61873662e-02  8.38543685e-04]\n",
      " [ 1.61869268e-02  9.99868844e-01  5.28137276e-04]]\n",
      "0.02080297471030447 1.5711345775054513\n",
      "0.0294198489730171 2.0003382221055563\n",
      "OCC_Gun_modelv2_nonsym_StainSt/al_0.01_mu_1,20_sig_1.45e6,4.5e6/1e1-1e8_100_el_26657_ord_3_POD_13_1e-6/Data/\n",
      "Opening files from this path =  OCC_Gun_modelv2_nonsym_StainSt/al_0.01_mu_1,20_sig_1.45e6,4.5e6/1e1-1e8_100_el_26657_ord_3_POD_13_1e-6/Data/\n",
      "6\n",
      "R [-5.92982929e-06 -3.38576980e-07 -3.71328061e-07] [[-9.99999894e-01 -3.98971535e-04  2.31902710e-04]\n",
      " [-2.27568837e-04 -1.08285778e-02 -9.99941343e-01]\n",
      " [-4.01459309e-04  9.99941290e-01 -1.08284859e-02]] 1\n",
      "Rtilde [0.00205257 0.00052415 0.00046569] [[ 9.99999741e-01  5.61382796e-04 -4.51252883e-04]\n",
      " [ 5.63418419e-04 -9.99989610e-01  4.52364912e-03]\n",
      " [ 4.48708696e-04  4.52390219e-03  9.99989666e-01]] 1\n",
      "I [9.45322682e-05 1.35822050e-05 1.00851007e-05] [[ 9.99999561e-01  8.05432461e-04 -4.78557453e-04]\n",
      " [ 7.97833559e-04 -9.99876864e-01 -1.56722552e-02]\n",
      " [ 4.91121468e-04 -1.56718665e-02  9.99877068e-01]] 1\n",
      "7\n",
      "R [-8.19811162e-06 -4.68523349e-07 -5.13872480e-07] [[-9.99999893e-01 -3.98999047e-04  2.33956338e-04]\n",
      " [-2.29620525e-04 -1.08323675e-02 -9.99941302e-01]\n",
      " [-4.01509927e-04  9.99941249e-01 -1.08322747e-02]] 1\n",
      "Rtilde [0.0020503  0.00052401 0.00046556] [[ 9.99999740e-01  5.61838420e-04 -4.51320216e-04]\n",
      " [ 5.63875829e-04 -9.99989594e-01  4.52696113e-03]\n",
      " [ 4.48772099e-04  4.52721444e-03  9.99989651e-01]] 1\n",
      "I [1.11069412e-04 1.59768534e-05 1.18616622e-05] [[ 9.99999559e-01  8.07412902e-04 -4.78735885e-04]\n",
      " [ 7.99810316e-04 -9.99876842e-01 -1.56735672e-02]\n",
      " [ 4.91331966e-04 -1.56731774e-02  9.99877047e-01]] 1\n",
      "6 1.0\n",
      "[-5.92982929e-06 -3.71328061e-07 -3.38576980e-07] [9.45322682e-05 1.00851007e-05 1.35822050e-05]\n",
      "[[-9.99999894e-01  2.31902710e-04 -3.98971535e-04]\n",
      " [-2.27568837e-04 -9.99941343e-01 -1.08285778e-02]\n",
      " [-4.01459309e-04 -1.08284859e-02  9.99941290e-01]] [[-9.99999561e-01  4.78557453e-04  8.05432461e-04]\n",
      " [-7.97833559e-04  1.56722552e-02 -9.99876864e-01]\n",
      " [-4.91121468e-04 -9.99877068e-01 -1.56718665e-02]]\n",
      "0.004878336774750164 1.5756404757900588\n",
      "0.006899010028675108 2.0048382778168374\n",
      "7 1.0\n",
      "[-8.19811162e-06 -5.13872480e-07 -4.68523349e-07] [1.11069412e-04 1.18616622e-05 1.59768534e-05]\n",
      "[[-9.99999893e-01  2.33956338e-04 -3.98999047e-04]\n",
      " [-2.29620525e-04 -9.99941302e-01 -1.08323675e-02]\n",
      " [-4.01509927e-04 -1.08322747e-02  9.99941249e-01]] [[-9.99999559e-01  4.78735885e-04  8.07412902e-04]\n",
      " [-7.99810316e-04  1.56735672e-02 -9.99876842e-01]\n",
      " [-4.91331966e-04 -9.99877047e-01 -1.56731774e-02]]\n",
      "0.00487587050273229 1.5756379978986312\n",
      "0.006895522193338927 2.004835805932771\n",
      "6 1.0\n",
      "[0.00205257 0.00046569 0.00052415] [1.35822050e-05 1.00851007e-05 9.45322682e-05]\n",
      "[[ 9.99999741e-01 -4.51252883e-04  5.61382796e-04]\n",
      " [ 5.63418419e-04  4.52364912e-03 -9.99989610e-01]\n",
      " [ 4.48708696e-04  9.99989666e-01  4.52390219e-03]] [[-8.05432461e-04 -4.78557453e-04  9.99999561e-01]\n",
      " [ 9.99876864e-01 -1.56722552e-02  7.97833559e-04]\n",
      " [ 1.56718665e-02  9.99877068e-01  4.91121468e-04]]\n",
      "0.02019759968502532 1.5711329348150795\n",
      "0.02856371940194537 2.0003365796923536\n",
      "7 1.0\n",
      "[0.0020503  0.00052401 0.00046556] [1.59768534e-05 1.11069412e-04 1.18616622e-05]\n",
      "[[ 9.99999740e-01  5.61838420e-04 -4.51320216e-04]\n",
      " [ 5.63875829e-04 -9.99989594e-01  4.52696113e-03]\n",
      " [ 4.48772099e-04  4.52721444e-03  9.99989651e-01]] [[-8.07412902e-04  9.99999559e-01 -4.78735885e-04]\n",
      " [ 9.99876842e-01  7.99810316e-04 -1.56735672e-02]\n",
      " [ 1.56731774e-02  4.91331966e-04  9.99877047e-01]]\n",
      "0.0202022412732002 1.571134501535848\n",
      "0.028570283598893235 2.0003381461488012\n",
      "Computing F measure Tilde\n",
      "6 1.0\n",
      "[0.0020585  0.00046603 0.00052452] [1.35822050e-05 1.00851007e-05 9.45322682e-05]\n",
      "[[ 9.99999741e-01 -4.51076946e-04  5.60170492e-04]\n",
      " [ 5.62201476e-04  4.51505316e-03 -9.99989649e-01]\n",
      " [ 4.48543077e-04  9.99989705e-01  4.51530559e-03]] [[-8.05432461e-04 -4.78557453e-04  9.99999561e-01]\n",
      " [ 9.99876864e-01 -1.56722552e-02  7.97833559e-04]\n",
      " [ 1.56718665e-02  9.99877068e-01  4.91121468e-04]]\n",
      "0.02018901910235842 1.5711340660103255\n",
      "0.02855158462556477 2.000337710696879\n",
      "7 1.0\n",
      "[0.0020585  0.00046603 0.00052452] [1.59768534e-05 1.18616622e-05 1.11069412e-04]\n",
      "[[ 9.99999741e-01 -4.51076946e-04  5.60170492e-04]\n",
      " [ 5.62201476e-04  4.51505316e-03 -9.99989649e-01]\n",
      " [ 4.48543077e-04  9.99989705e-01  4.51530559e-03]] [[-8.07412902e-04 -4.78735885e-04  9.99999559e-01]\n",
      " [ 9.99876842e-01 -1.56735672e-02  7.99810316e-04]\n",
      " [ 1.56731774e-02  9.99877047e-01  4.91331966e-04]]\n",
      "0.020190354622825257 1.5711360570836514\n",
      "0.028553473336721803 2.0003397014329534\n",
      "OCC_Gun_modelv2_nonsym_StainSt/al_0.01_mu_1,20_sig_1.45e6,4.5e6/1e1-1e8_100_el_26657_ord_4_POD_13_1e-6/Data/\n",
      "Opening files from this path =  OCC_Gun_modelv2_nonsym_StainSt/al_0.01_mu_1,20_sig_1.45e6,4.5e6/1e1-1e8_100_el_26657_ord_4_POD_13_1e-6/Data/\n",
      "6\n",
      "R [-5.93554784e-06 -3.39002100e-07 -3.72122547e-07] [[-9.99999902e-01 -3.85205902e-04  2.19574539e-04]\n",
      " [-2.15293625e-04 -1.10783760e-02 -9.99938610e-01]\n",
      " [-3.87614783e-04  9.99938559e-01 -1.10782920e-02]] 1\n",
      "Rtilde [0.00205411 0.00052508 0.00046618] [[ 9.99999758e-01  5.45499538e-04 -4.31934796e-04]\n",
      " [ 5.47444669e-04 -9.99989653e-01  4.51606006e-03]\n",
      " [ 4.29466818e-04  4.51629542e-03  9.99989709e-01]] 1\n",
      "I [9.46035011e-05 1.35993936e-05 1.00895911e-05] [[ 9.99999579e-01  7.92175348e-04 -4.63102750e-04]\n",
      " [ 7.84859830e-04 -9.99878175e-01 -1.55890714e-02]\n",
      " [ 4.75395611e-04 -1.55887013e-02  9.99878376e-01]] 1\n",
      "7\n",
      "R [-8.20601083e-06 -4.69111031e-07 -5.14971473e-07] [[-9.99999901e-01 -3.85232203e-04  2.21629276e-04]\n",
      " [-2.17346669e-04 -1.10816655e-02 -9.99938573e-01]\n",
      " [-3.87664561e-04  9.99938522e-01 -1.10815806e-02]] 1\n",
      "Rtilde [0.00205184 0.00052494 0.00046605] [[ 9.99999758e-01  5.45950292e-04 -4.31994823e-04]\n",
      " [ 5.47897140e-04 -9.99989637e-01  4.51943645e-03]\n",
      " [ 4.29522958e-04  4.51967205e-03  9.99989694e-01]] 1\n",
      "I [1.11153033e-04 1.59970627e-05 1.18669335e-05] [[ 9.99999577e-01  7.94155821e-04 -4.63277342e-04]\n",
      " [ 7.86836746e-04 -9.99878154e-01 -1.55903215e-02]\n",
      " [ 4.75602038e-04 -1.55899504e-02  9.99878356e-01]] 1\n",
      "6 1.0\n",
      "[-5.93554784e-06 -3.72122547e-07 -3.39002100e-07] [9.46035011e-05 1.00895911e-05 1.35993936e-05]\n",
      "[[-9.99999902e-01  2.19574539e-04 -3.85205902e-04]\n",
      " [-2.15293625e-04 -9.99938610e-01 -1.10783760e-02]\n",
      " [-3.87614783e-04 -1.10782920e-02  9.99938559e-01]] [[-9.99999579e-01  4.63102750e-04  7.92175348e-04]\n",
      " [-7.84859830e-04  1.55890714e-02 -9.99878175e-01]\n",
      " [-4.75395611e-04 -9.99878376e-01 -1.55887013e-02]]\n",
      "0.004547718658548181 1.5753074702950505\n",
      "0.006431445404776019 2.00450605207324\n"
     ]
    },
    {
     "name": "stdout",
     "output_type": "stream",
     "text": [
      "7 1.0\n",
      "[-4.69111031e-07 -8.20601083e-06 -5.14971473e-07] [1.59970627e-05 1.11153033e-04 1.18669335e-05]\n",
      "[[ 3.85232203e-04 -9.99999901e-01  2.21629276e-04]\n",
      " [ 1.10816655e-02 -2.17346669e-04 -9.99938573e-01]\n",
      " [-9.99938522e-01 -3.87664561e-04 -1.10815806e-02]] [[-7.94155821e-04 -9.99999577e-01  4.63277342e-04]\n",
      " [ 9.99878154e-01 -7.86836746e-04  1.55903215e-02]\n",
      " [ 1.55899504e-02 -4.75602038e-04 -9.99878356e-01]]\n",
      "0.004545689014587845 1.5753054306917882\n",
      "0.006428575054760522 2.004504017074591\n",
      "6 1.0\n",
      "[0.00052508 0.00205411 0.00046618] [9.46035011e-05 1.35993936e-05 1.00895911e-05]\n",
      "[[ 5.45499538e-04  9.99999758e-01 -4.31934796e-04]\n",
      " [-9.99989653e-01  5.47444669e-04  4.51606006e-03]\n",
      " [ 4.51629542e-03  4.29466818e-04  9.99989709e-01]] [[ 9.99999579e-01 -7.92175348e-04 -4.63102750e-04]\n",
      " [ 7.84859830e-04  9.99878175e-01 -1.55890714e-02]\n",
      " [ 4.75395611e-04  1.55887013e-02  9.99878376e-01]]\n",
      "0.020106868494695597 1.5711350380814961\n",
      "0.028435406122050824 2.0003386826036467\n",
      "7 1.0\n",
      "[0.00205184 0.00052494 0.00046605] [1.59970627e-05 1.11153033e-04 1.18669335e-05]\n",
      "[[ 9.99999758e-01  5.45950292e-04 -4.31994823e-04]\n",
      " [ 5.47897140e-04 -9.99989637e-01  4.51943645e-03]\n",
      " [ 4.29522958e-04  4.51967205e-03  9.99989694e-01]] [[-7.94155821e-04  9.99999577e-01 -4.63277342e-04]\n",
      " [ 9.99878154e-01  7.86836746e-04 -1.55903215e-02]\n",
      " [ 1.55899504e-02  4.75602038e-04  9.99878356e-01]]\n",
      "0.02011151293121627 1.5711366097225063\n",
      "0.02844197434716793 2.0003402539778503\n",
      "Computing F measure Tilde\n",
      "6 1.0\n",
      "[0.00206004 0.00052545 0.00046652] [1.35993936e-05 9.46035011e-05 1.00895911e-05]\n",
      "[[ 9.99999759e-01  5.44299871e-04 -4.31777879e-04]\n",
      " [ 5.46240543e-04 -9.99989693e-01  4.50729580e-03]\n",
      " [ 4.29320109e-04  4.50753057e-03  9.99989749e-01]] [[-7.92175348e-04  9.99999579e-01 -4.63102750e-04]\n",
      " [ 9.99878175e-01  7.84859830e-04 -1.55890714e-02]\n",
      " [ 1.55887013e-02  4.75395611e-04  9.99878376e-01]]\n",
      "0.020098119747369334 1.5711361550679719\n",
      "0.028423033524928244 2.0003397994006265\n",
      "7 1.0\n",
      "[0.00052545 0.00206004 0.00046652] [1.11153033e-04 1.59970627e-05 1.18669335e-05]\n",
      "[[ 5.44299871e-04  9.99999759e-01 -4.31777879e-04]\n",
      " [-9.99989693e-01  5.46240543e-04  4.50729580e-03]\n",
      " [ 4.50753057e-03  4.29320109e-04  9.99989749e-01]] [[ 9.99999577e-01 -7.94155821e-04 -4.63277342e-04]\n",
      " [ 7.86836746e-04  9.99878154e-01 -1.55903215e-02]\n",
      " [ 4.75602038e-04  1.55899504e-02  9.99878356e-01]]\n",
      "0.020099393779741462 1.571138145591393\n",
      "0.028424835278787818 2.0003417895848097\n",
      "OCC_Gun_modelv2_nonsym_StainSt/al_0.01_mu_1,20_sig_1.45e6,4.5e6/1e1-1e8_100_el_26657_ord_5_POD_13_1e-6/Data/\n",
      "Opening files from this path =  OCC_Gun_modelv2_nonsym_StainSt/al_0.01_mu_1,20_sig_1.45e6,4.5e6/1e1-1e8_100_el_26657_ord_5_POD_13_1e-6/Data/\n",
      "6\n",
      "R [-5.93771452e-06 -3.39115322e-07 -3.72400256e-07] [[-9.99999905e-01 -3.79280511e-04  2.15171424e-04]\n",
      " [-2.10912150e-04 -1.11943710e-02 -9.99937319e-01]\n",
      " [-3.81665446e-04  9.99937269e-01 -1.11942899e-02]] 1\n",
      "Rtilde [0.00205473 0.00052544 0.00046637] [[ 9.99999765e-01  5.39507143e-04 -4.24153197e-04]\n",
      " [ 5.41416678e-04 -9.99989661e-01  4.51484277e-03]\n",
      " [ 4.21713022e-04  4.51507135e-03  9.99989718e-01]] 1\n",
      "I [9.46313993e-05 1.36060711e-05 1.00910067e-05] [[ 9.99999586e-01  7.87747674e-04 -4.56519075e-04]\n",
      " [ 7.80549365e-04 -9.99878645e-01 -1.55591203e-02]\n",
      " [ 4.68720335e-04 -1.55587575e-02  9.99878845e-01]] 1\n",
      "7\n",
      "R [-8.20900430e-06 -4.69267545e-07 -5.15355684e-07] [[-9.99999904e-01 -3.79306407e-04  2.17226848e-04]\n",
      " [-2.12966004e-04 -1.11973862e-02 -9.99937285e-01]\n",
      " [-3.81714992e-04  9.99937235e-01 -1.11973043e-02]] 1\n",
      "Rtilde [0.00205246 0.0005253  0.00046624] [[ 9.99999764e-01  5.39955700e-04 -4.24210780e-04]\n",
      " [ 5.41866928e-04 -9.99989646e-01  4.51825054e-03]\n",
      " [ 4.21766733e-04  4.51847934e-03  9.99989703e-01]] 1\n",
      "I [1.11185787e-04 1.60049147e-05 1.18685957e-05] [[ 9.99999584e-01  7.89728844e-04 -4.56692150e-04]\n",
      " [ 7.82527036e-04 -9.99878625e-01 -1.55603290e-02]\n",
      " [ 4.68925159e-04 -1.55599651e-02  9.99878826e-01]] 1\n",
      "6 1.0\n",
      "[-5.93771452e-06 -3.72400256e-07 -3.39115322e-07] [9.46313993e-05 1.00910067e-05 1.36060711e-05]\n",
      "[[-9.99999905e-01  2.15171424e-04 -3.79280511e-04]\n",
      " [-2.10912150e-04 -9.99937319e-01 -1.11943710e-02]\n",
      " [-3.81665446e-04 -1.11942899e-02  9.99937269e-01]] [[-9.99999586e-01  4.56519075e-04  7.87747674e-04]\n",
      " [-7.80549365e-04  1.55591203e-02 -9.99878645e-01]\n",
      " [-4.68720335e-04 -9.99878845e-01 -1.55587575e-02]]\n",
      "0.0044029731239895505 1.5751615141396933\n",
      "0.006226744306710263 2.0043604201657974\n",
      "7 1.0\n",
      "[-8.20900430e-06 -5.15355684e-07 -4.69267545e-07] [1.11185787e-04 1.18685957e-05 1.60049147e-05]\n",
      "[[-9.99999904e-01  2.17226848e-04 -3.79306407e-04]\n",
      " [-2.12966004e-04 -9.99937285e-01 -1.11973862e-02]\n",
      " [-3.81714992e-04 -1.11973043e-02  9.99937235e-01]] [[-9.99999584e-01  4.56692150e-04  7.89728844e-04]\n",
      " [-7.82527036e-04  1.55603290e-02 -9.99878625e-01]\n",
      " [-4.68925159e-04 -9.99878826e-01 -1.55599651e-02]]\n",
      "0.0044011751042068005 1.5751597073387738\n",
      "0.00622420152274808 2.0043586173118735\n",
      "6 1.0\n",
      "[0.00205473 0.00052544 0.00046637] [1.36060711e-05 9.46313993e-05 1.00910067e-05]\n",
      "[[ 9.99999765e-01  5.39507143e-04 -4.24153197e-04]\n",
      " [ 5.41416678e-04 -9.99989661e-01  4.51484277e-03]\n",
      " [ 4.21713022e-04  4.51507135e-03  9.99989718e-01]] [[-7.87747674e-04  9.99999586e-01 -4.56519075e-04]\n",
      " [ 9.99878645e-01  7.80549365e-04 -1.55591203e-02]\n",
      " [ 1.55587575e-02  4.68720335e-04  9.99878845e-01]]\n",
      "0.020075722654302054 1.5711364477616334\n",
      "0.02839135925215477 2.0003400920445293\n",
      "7 1.0\n",
      "[0.0005253  0.00205246 0.00046624] [1.11185787e-04 1.60049147e-05 1.18685957e-05]\n",
      "[[ 5.39955700e-04  9.99999764e-01 -4.24210780e-04]\n",
      " [-9.99989646e-01  5.41866928e-04  4.51825054e-03]\n",
      " [ 4.51847934e-03  4.21766733e-04  9.99989703e-01]] [[ 9.99999584e-01 -7.89728844e-04 -4.56692150e-04]\n",
      " [ 7.82527036e-04  9.99878625e-01 -1.55603290e-02]\n",
      " [ 4.68925159e-04  1.55599651e-02  9.99878826e-01]]\n",
      "0.020080357204136454 1.5711380222045621\n",
      "0.028397913495386066 2.0003416662190645\n",
      "Computing F measure Tilde\n",
      "6 1.0\n",
      "[0.00206067 0.00052582 0.00046671] [1.36060711e-05 9.46313993e-05 1.00910067e-05]\n",
      "[[ 9.99999765e-01  5.38313176e-04 -4.24002640e-04]\n",
      " [ 5.40218314e-04 -9.99989702e-01  4.50599647e-03]\n",
      " [ 4.21572637e-04  4.50622446e-03  9.99989758e-01]] [[-7.87747674e-04  9.99999586e-01 -4.56519075e-04]\n",
      " [ 9.99878645e-01  7.80549365e-04 -1.55591203e-02]\n",
      " [ 1.55587575e-02  4.68720335e-04  9.99878845e-01]]\n",
      "0.02006689193070236 1.5711375582692368\n",
      "0.028378870723074507 2.0003412023629545\n",
      "7 1.0\n",
      "[0.00052582 0.00206067 0.00046671] [1.11185787e-04 1.60049147e-05 1.18685957e-05]\n",
      "[[ 5.38313176e-04  9.99999765e-01 -4.24002640e-04]\n",
      " [-9.99989702e-01  5.40218314e-04  4.50599647e-03]\n",
      " [ 4.50622446e-03  4.21572637e-04  9.99989758e-01]] [[ 9.99999584e-01 -7.89728844e-04 -4.56692150e-04]\n",
      " [ 7.82527036e-04  9.99878625e-01 -1.55603290e-02]\n",
      " [ 4.68925159e-04  1.55599651e-02  9.99878826e-01]]\n",
      "0.020068124736822054 1.5711395491003077\n",
      "0.028380614174208754 2.0003431928533386\n"
     ]
    },
    {
     "data": {
