{
 "cells": [
  {
   "cell_type": "code",
   "execution_count": 11,
   "id": "c351c9e6",
   "metadata": {},
   "outputs": [],
   "source": [
    "from main import *"
   ]
  },
  {
   "cell_type": "markdown",
   "id": "453ae41e",
   "metadata": {},
   "source": [
    "## Gun Modelv2 non sym p-refinement"
   ]
  },
  {
   "cell_type": "code",
   "execution_count": 16,
   "id": "d386b0a1",
   "metadata": {
    "scrolled": false
   },
   "outputs": [
    {
     "name": "stdout",
     "output_type": "stream",
     "text": [
      "OCC_Gun_modelv2_nonsym_StainSt/al_0.01_mu_1,100_sig_1.45e6,4.5e6/1e1-1e8_100_el_26657_ord_0_POD_13_1e-6/Data/\n",
      "Opening files from this path =  OCC_Gun_modelv2_nonsym_StainSt/al_0.01_mu_1,100_sig_1.45e6,4.5e6/1e1-1e8_100_el_26657_ord_0_POD_13_1e-6/Data/\n",
      "6\n",
      "R [-3.76869524e-05 -7.50510548e-07 -8.46800809e-07] [[-9.99999930e-01 -3.02941202e-04  2.18705554e-04]\n",
      " [-2.41370018e-04  7.69555932e-02 -9.97034492e-01]\n",
      " [-2.85212211e-04  9.97034475e-01  7.69556609e-02]] 1\n",
      "Rtilde [0.00366598 0.00049811 0.00056295] [[ 9.99999716e-01  5.74232665e-04  4.87801783e-04]\n",
      " [ 4.92558473e-04 -8.31276876e-03 -9.99965327e-01]\n",
      " [ 5.70157771e-04 -9.99965283e-01  8.31304924e-03]] 1\n",
      "I [2.95614580e-04 1.45371514e-05 1.08919359e-05] [[ 9.99999412e-01  7.82057007e-04 -7.50956625e-04]\n",
      " [ 7.62130841e-04 -9.99657013e-01 -2.61777810e-02]\n",
      " [ 7.71171573e-04 -2.61771933e-02  9.99657021e-01]] 1\n",
      "7\n",
      "R [-5.17427815e-05 -1.03024092e-06 -1.16134017e-06] [[-9.99999923e-01 -3.13395215e-04  2.37281359e-04]\n",
      " [-2.60069538e-04  7.48369923e-02 -9.97195747e-01]\n",
      " [-2.94758952e-04  9.97195731e-01  7.48370681e-02]] 1\n",
      "Rtilde [0.00365192 0.00049783 0.00056263] [[ 9.99999715e-01  5.75314519e-04  4.88622536e-04]\n",
      " [ 4.93369608e-04 -8.28023874e-03 -9.99965597e-01]\n",
      " [ 5.71248814e-04 -9.99965553e-01  8.28052023e-03]] 1\n",
      "I [3.45459546e-04 1.70580608e-05 1.27748295e-05] [[ 9.99999401e-01  7.90176473e-04 -7.56729542e-04]\n",
      " [ 7.69792909e-04 -9.99646709e-01 -2.65680947e-02]\n",
      " [ 7.77455680e-04 -2.65674963e-02  9.99646719e-01]] 1\n",
      "6 1.0\n",
      "[-7.50510548e-07 -3.76869524e-05 -8.46800809e-07] [1.08919359e-05 1.45371514e-05 2.95614580e-04]\n",
      "[[ 3.02941202e-04 -9.99999930e-01  2.18705554e-04]\n",
      " [-7.69555932e-02 -2.41370018e-04 -9.97034492e-01]\n",
      " [-9.97034475e-01 -2.85212211e-04  7.69556609e-02]] [[ 7.50956625e-04  7.82057007e-04  9.99999412e-01]\n",
      " [ 2.61777810e-02 -9.99657013e-01  7.62130841e-04]\n",
      " [-9.99657021e-01 -2.61771933e-02  7.71171573e-04]]\n",
      "0.10316893732250543 1.5739647864057467\n",
      "0.14590291037710706 2.00316594850194\n",
      "7 1.0\n",
      "[-1.16134017e-06 -5.17427815e-05 -1.03024092e-06] [3.45459546e-04 1.70580608e-05 1.27748295e-05]\n",
      "[[ 2.37281359e-04 -9.99999923e-01 -3.13395215e-04]\n",
      " [-9.97195747e-01 -2.60069538e-04  7.48369923e-02]\n",
      " [ 7.48370681e-02 -2.94758952e-04  9.97195731e-01]] [[ 9.99999401e-01  7.90176473e-04 -7.56729542e-04]\n",
      " [ 7.69792909e-04 -9.99646709e-01 -2.65680947e-02]\n",
      " [ 7.77455680e-04 -2.65674963e-02  9.99646719e-01]]\n",
      "0.10143689406155176 1.573865899626247\n",
      "0.1434534313068494 2.0030672160573726\n",
      "6 1.0\n",
      "[0.00366598 0.00049811 0.00056295] [1.45371514e-05 1.08919359e-05 2.95614580e-04]\n",
      "[[ 9.99999716e-01  5.74232665e-04  4.87801783e-04]\n",
      " [ 4.92558473e-04 -8.31276876e-03 -9.99965327e-01]\n",
      " [ 5.70157771e-04 -9.99965283e-01  8.31304924e-03]] [[-7.82057007e-04  7.50956625e-04  9.99999412e-01]\n",
      " [ 9.99657013e-01  2.61777810e-02  7.62130841e-04]\n",
      " [ 2.61771933e-02 -9.99657021e-01  7.71171573e-04]]\n",
      "0.0344934473822432 1.5713650750224304\n",
      "0.048781101100971086 2.000568667351232\n",
      "7 1.0\n",
      "[0.00049783 0.00365192 0.00056263] [1.27748295e-05 1.70580608e-05 3.45459546e-04]\n",
      "[[ 5.75314519e-04  9.99999715e-01  4.88622536e-04]\n",
      " [-8.28023874e-03  4.93369608e-04 -9.99965597e-01]\n",
      " [-9.99965553e-01  5.71248814e-04  8.28052023e-03]] [[ 7.56729542e-04 -7.90176473e-04  9.99999401e-01]\n",
      " [ 2.65680947e-02  9.99646709e-01  7.69792909e-04]\n",
      " [-9.99646719e-01  2.65674963e-02  7.77455680e-04]]\n",
      "0.03485137526701203 1.571378217423241\n",
      "0.04928728756996267 2.0005818059709592\n",
      "Computing F measure Tilde\n",
      "6 1.0\n",
      "[0.00056379 0.00049886 0.00370366] [2.95614580e-04 1.08919359e-05 1.45371514e-05]\n",
      "[[ 4.84823868e-04  5.70973388e-04 -9.99999719e-01]\n",
      " [-9.99964479e-01 -8.41431913e-03 -4.89611137e-04]\n",
      " [ 8.41459632e-03 -9.99964436e-01 -5.66873644e-04]] [[ 9.99999412e-01  7.50956625e-04  7.82057007e-04]\n",
      " [ 7.62130841e-04  2.61777810e-02 -9.99657013e-01]\n",
      " [ 7.71171573e-04 -9.99657021e-01 -2.61771933e-02]]\n",
      "0.034595021899703815 1.5713697946522738\n",
      "0.04892474916115541 2.0005733856331736\n",
      "7 1.0\n",
      "[0.00049886 0.00056379 0.00370366] [1.27748295e-05 3.45459546e-04 1.70580608e-05]\n",
      "[[-5.70973388e-04  4.84823868e-04  9.99999719e-01]\n",
      " [ 8.41431913e-03 -9.99964479e-01  4.89611137e-04]\n",
      " [ 9.99964436e-01  8.41459632e-03  5.66873644e-04]] [[-7.56729542e-04  9.99999401e-01 -7.90176473e-04]\n",
      " [-2.65680947e-02  7.69792909e-04  9.99646709e-01]\n",
      " [ 9.99646719e-01  7.77455680e-04  2.65674963e-02]]\n",
      "0.03498548692050677 1.5713843418538964\n",
      "0.04947695008920721 2.0005879286101016\n",
      "OCC_Gun_modelv2_nonsym_StainSt/al_0.01_mu_1,100_sig_1.45e6,4.5e6/1e1-1e8_100_el_26657_ord_1_POD_13_1e-6/Data/\n",
      "Opening files from this path =  OCC_Gun_modelv2_nonsym_StainSt/al_0.01_mu_1,100_sig_1.45e6,4.5e6/1e1-1e8_100_el_26657_ord_1_POD_13_1e-6/Data/\n",
      "6\n",
      "R [-3.50501579e-05 -7.91095287e-07 -7.17949364e-07] [[-9.99999777e-01  6.47977338e-04 -1.59777840e-04]\n",
      " [ 6.10137012e-04  9.84645818e-01  1.74563002e-01]\n",
      " [-2.70437451e-04 -1.74562865e-01  9.84645994e-01]] 1\n",
      "Rtilde [0.00366876 0.00049818 0.00056306] [[ 9.99999712e-01  5.74223203e-04  4.96978921e-04]\n",
      " [ 5.01679945e-04 -8.21582164e-03 -9.99966124e-01]\n",
      " [ 5.70120660e-04 -9.99966085e-01  8.21610735e-03]] 1\n",
      "I [2.75764584e-04 1.33416402e-05 9.95710198e-06] [[ 9.99999628e-01  6.56663698e-04 -5.59005663e-04]\n",
      " [ 6.44347979e-04 -9.99763153e-01 -2.17536779e-02]\n",
      " [ 5.73158115e-04 -2.17533096e-02  9.99763204e-01]] 1\n",
      "7\n",
      "R [-4.81478252e-05 -1.08704011e-06 -9.87033865e-07] [[-9.99999799e-01  6.09008934e-04 -1.75302955e-04]\n",
      " [ 5.69729192e-04  9.85064811e-01  1.72183021e-01]\n",
      " [-2.77545771e-04 -1.72182886e-01  9.85064961e-01]] 1\n",
      "Rtilde [0.00365567 0.00049791 0.00056276] [[ 9.99999709e-01  5.75335578e-04  5.00994169e-04]\n",
      " [ 5.05667408e-04 -8.15141827e-03 -9.99966649e-01]\n",
      " [ 5.71232577e-04 -9.99966611e-01  8.15170683e-03]] 1\n",
      "I [3.22305586e-04 1.56570813e-05 1.16780256e-05] [[ 9.99999612e-01  6.77358470e-04 -5.63101466e-04]\n",
      " [ 6.64693577e-04 -9.99753436e-01 -2.21951794e-02]\n",
      " [ 5.77996718e-04 -2.21947965e-02  9.99753498e-01]] 1\n",
      "6 1.0\n",
      "[-7.91095287e-07 -7.17949364e-07 -3.50501579e-05] [1.33416402e-05 2.75764584e-04 9.95710198e-06]\n",
      "[[ 6.47977338e-04 -1.59777840e-04 -9.99999777e-01]\n",
      " [ 9.84645818e-01  1.74563002e-01  6.10137012e-04]\n",
      " [-1.74562865e-01  9.84645994e-01 -2.70437451e-04]] [[-6.56663698e-04  9.99999628e-01 -5.59005663e-04]\n",
      " [ 9.99763153e-01  6.44347979e-04 -2.17536779e-02]\n",
      " [ 2.17533096e-02  5.73158115e-04  9.99763204e-01]]\n",
      "0.19690209472900183 1.580092820410198\n",
      "0.2784616128254264 2.0092748539788743\n",
      "7 1.0\n",
      "[-4.81478252e-05 -9.87033865e-07 -1.08704011e-06] [1.16780256e-05 3.22305586e-04 1.56570813e-05]\n",
      "[[-9.99999799e-01 -1.75302955e-04  6.09008934e-04]\n",
      " [ 5.69729192e-04  1.72183021e-01  9.85064811e-01]\n",
      " [-2.77545771e-04  9.85064961e-01 -1.72182886e-01]] [[ 5.63101466e-04 -9.99999612e-01 -6.77358470e-04]\n",
      " [ 2.21951794e-02 -6.64693577e-04  9.99753436e-01]\n",
      " [-9.99753498e-01 -5.77996718e-04  2.21947965e-02]]\n",
      "0.19493652340760062 1.5806872561349357\n",
      "0.2756818752048892 2.0098664314510337\n",
      "6 1.0\n",
      "[0.00366876 0.00056306 0.00049818] [1.33416402e-05 2.75764584e-04 9.95710198e-06]\n",
      "[[ 9.99999712e-01  4.96978921e-04  5.74223203e-04]\n",
      " [ 5.01679945e-04 -9.99966124e-01 -8.21582164e-03]\n",
      " [ 5.70120660e-04  8.21610735e-03 -9.99966085e-01]] [[-6.56663698e-04  9.99999628e-01  5.59005663e-04]\n",
      " [ 9.99763153e-01  6.44347979e-04  2.17536779e-02]\n",
      " [ 2.17533096e-02  5.73158115e-04 -9.99763204e-01]]\n",
      "0.029970529753314736 1.5711635492068643\n",
      "0.042384729648644086 2.0003671886968295\n",
      "7 1.0\n",
      "[0.00049791 0.00365567 0.00056276] [1.16780256e-05 1.56570813e-05 3.22305586e-04]\n",
      "[[ 5.75335578e-04  9.99999709e-01  5.00994169e-04]\n",
      " [-8.15141827e-03  5.05667408e-04 -9.99966649e-01]\n",
      " [-9.99966611e-01  5.71232577e-04  8.15170683e-03]] [[ 5.63101466e-04 -6.77358470e-04  9.99999612e-01]\n",
      " [ 2.21951794e-02  9.99753436e-01  6.64693577e-04]\n",
      " [-9.99753498e-01  2.21947965e-02  5.77996718e-04]]\n",
      "0.030347765329177396 1.5711856186581121\n",
      "0.042918221316238694 2.0003892539737187\n",
      "Computing F measure Tilde\n",
      "6 1.0\n",
      "[0.00370381 0.0004989  0.00056385] [1.33416402e-05 9.95710198e-06 2.75764584e-04]\n",
      "[[ 9.99999719e-01  5.71000768e-04  4.84768232e-04]\n",
      " [ 4.89547894e-04 -8.40049301e-03 -9.99964595e-01]\n",
      " [ 5.66908260e-04 -9.99964552e-01  8.40077019e-03]] [[-6.56663698e-04  5.59005663e-04  9.99999628e-01]\n",
      " [ 9.99763153e-01  2.17536779e-02  6.44347979e-04]\n",
      " [ 2.17533096e-02 -9.99763204e-01  5.73158115e-04]]\n",
      "0.03015524304189324 1.5711784762722636\n",
      "0.042645953686502334 2.000382112965486\n",
      "7 1.0\n",
      "[0.0004989  0.00370381 0.00056385] [1.16780256e-05 1.56570813e-05 3.22305586e-04]\n",
      "[[ 5.71000768e-04  9.99999719e-01  4.84768232e-04]\n",
      " [-8.40049301e-03  4.89547894e-04 -9.99964595e-01]\n",
      " [-9.99964552e-01  5.66908260e-04  8.40077019e-03]] [[ 5.63101466e-04 -6.77358470e-04  9.99999612e-01]\n",
      " [ 2.21951794e-02  9.99753436e-01  6.64693577e-04]\n",
      " [-9.99753498e-01  2.21947965e-02  5.77996718e-04]]\n",
      "0.030596903081234316 1.5712055592805783\n",
      "0.04327055530409673 2.000409190615019\n"
     ]
    },
    {
     "name": "stdout",
     "output_type": "stream",
     "text": [
      "OCC_Gun_modelv2_nonsym_StainSt/al_0.01_mu_1,100_sig_1.45e6,4.5e6/1e1-1e8_100_el_26657_ord_2_POD_13_1e-6/Data/\n",
      "Opening files from this path =  OCC_Gun_modelv2_nonsym_StainSt/al_0.01_mu_1,100_sig_1.45e6,4.5e6/1e1-1e8_100_el_26657_ord_2_POD_13_1e-6/Data/\n",
      "6\n",
      "R [-5.14987169e-05 -1.26929426e-06 -1.37130891e-06] [[-9.99999892e-01  4.64394991e-04  3.17512259e-05]\n",
      " [ 8.86656553e-06 -4.91956550e-02  9.98789161e-01]\n",
      " [-4.65394705e-04 -9.98789053e-01 -4.91956455e-02]] 1\n",
      "Rtilde [0.00385208 0.0005275  0.00060264] [[ 9.99999756e-01  5.35380219e-04  4.49734077e-04]\n",
      " [ 4.52487531e-04 -5.15402481e-03 -9.99986616e-01]\n",
      " [ 5.33055112e-04 -9.99986575e-01  5.15426581e-03]] 1\n",
      "I [2.96336205e-04 1.48249343e-05 1.09863609e-05] [[ 9.99999662e-01  6.28089160e-04 -5.30860253e-04]\n",
      " [ 6.19647828e-04 -9.99875697e-01 -1.57545575e-02]\n",
      " [ 5.40689533e-04 -1.57542232e-02  9.99875748e-01]] 1\n",
      "7\n",
      "R [-7.01891068e-05 -1.73495691e-06 -1.87530120e-06] [[-9.99999892e-01 -4.65739198e-04 -5.53638684e-06]\n",
      " [-1.69281738e-05  4.82203742e-02 -9.98836721e-01]\n",
      " [-4.65464380e-04  9.98836613e-01  4.82203769e-02]] 1\n",
      "Rtilde [0.00383339 0.00052703 0.00060214] [[ 9.99999754e-01  5.35752918e-04  4.51794479e-04]\n",
      " [ 4.54538820e-04 -5.13339193e-03 -9.99986721e-01]\n",
      " [ 5.33426566e-04 -9.99986681e-01  5.13363419e-03]] 1\n",
      "I [3.44226898e-04 1.73451428e-05 1.28320675e-05] [[ 9.99999651e-01  6.44437763e-04 -5.31822141e-04]\n",
      " [ 6.35890481e-04 -9.99873093e-01 -1.59183298e-02]\n",
      " [ 5.42013022e-04 -1.59179861e-02  9.99873154e-01]] 1\n",
      "6 1.0\n",
      "[-5.14987169e-05 -1.26929426e-06 -1.37130891e-06] [1.48249343e-05 1.09863609e-05 2.96336205e-04]\n",
      "[[-9.99999892e-01  4.64394991e-04  3.17512259e-05]\n",
      " [ 8.86656553e-06 -4.91956550e-02  9.98789161e-01]\n",
      " [-4.65394705e-04 -9.98789053e-01 -4.91956455e-02]] [[ 6.28089160e-04  5.30860253e-04 -9.99999662e-01]\n",
      " [-9.99875697e-01  1.57545575e-02 -6.19647828e-04]\n",
      " [-1.57542232e-02 -9.99875748e-01 -5.40689533e-04]]\n",
      "0.0649623642207089 1.5724780923456751\n",
      "0.09187065652474724 2.0016810582687867\n",
      "7 1.0\n",
      "[-1.73495691e-06 -1.87530120e-06 -7.01891068e-05] [1.28320675e-05 3.44226898e-04 1.73451428e-05]\n",
      "[[-4.65739198e-04 -5.53638684e-06 -9.99999892e-01]\n",
      " [ 4.82203742e-02 -9.98836721e-01 -1.69281738e-05]\n",
      " [ 9.98836613e-01  4.82203769e-02 -4.65464380e-04]] [[-5.31822141e-04  9.99999651e-01  6.44437763e-04]\n",
      " [-1.59183298e-02  6.35890481e-04 -9.99873093e-01]\n",
      " [ 9.99873154e-01  5.42013022e-04 -1.59179861e-02]]\n",
      "0.06415008675475879 1.572442367318902\n",
      "0.09072192271599058 2.0016453629758644\n",
      "6 1.0\n",
      "[0.00385208 0.0005275  0.00060264] [1.48249343e-05 1.09863609e-05 2.96336205e-04]\n",
      "[[ 9.99999756e-01  5.35380219e-04  4.49734077e-04]\n",
      " [ 4.52487531e-04 -5.15402481e-03 -9.99986616e-01]\n",
      " [ 5.33055112e-04 -9.99986575e-01  5.15426581e-03]] [[-6.28089160e-04  5.30860253e-04  9.99999662e-01]\n",
      " [ 9.99875697e-01  1.57545575e-02  6.19647828e-04]\n",
      " [ 1.57542232e-02 -9.99875748e-01  5.40689533e-04]]\n",
      "0.020909545010388723 1.5710728113795553\n",
      "0.02957056213674242 2.0002764654728464\n",
      "7 1.0\n",
      "[0.00383339 0.00060214 0.00052703] [1.73451428e-05 3.44226898e-04 1.28320675e-05]\n",
      "[[ 9.99999754e-01  4.51794479e-04  5.35752918e-04]\n",
      " [ 4.54538820e-04 -9.99986721e-01 -5.13339193e-03]\n",
      " [ 5.33426566e-04  5.13363419e-03 -9.99986681e-01]] [[-6.44437763e-04  9.99999651e-01  5.31822141e-04]\n",
      " [ 9.99873093e-01  6.35890481e-04  1.59183298e-02]\n",
      " [ 1.59179861e-02  5.42013022e-04 -9.99873154e-01]]\n",
      "0.021052809735387295 1.5710885090782925\n",
      "0.029773169053845056 2.000292160939735\n",
      "Computing F measure Tilde\n",
      "6 1.0\n",
      "[0.00390358 0.00052877 0.00060402] [1.48249343e-05 1.09863609e-05 2.96336205e-04]\n",
      "[[ 9.99999759e-01  5.34363611e-04  4.42698532e-04]\n",
      " [ 4.45478570e-04 -5.21366100e-03 -9.99986310e-01]\n",
      " [ 5.32048216e-04 -9.99986266e-01  5.21389779e-03]] [[-6.28089160e-04  5.30860253e-04  9.99999662e-01]\n",
      " [ 9.99875697e-01  1.57545575e-02  6.19647828e-04]\n",
      " [ 1.57542232e-02 -9.99875748e-01  5.40689533e-04]]\n",
      "0.020969233735520683 1.5710804492368684\n",
      "0.02965497474134479 2.0002841022596254\n",
      "7 1.0\n",
      "[0.00390358 0.00060402 0.00052877] [1.73451428e-05 3.44226898e-04 1.28320675e-05]\n",
      "[[ 9.99999759e-01  4.42698532e-04  5.34363611e-04]\n",
      " [ 4.45478570e-04 -9.99986310e-01 -5.21366100e-03]\n",
      " [ 5.32048216e-04  5.21389779e-03 -9.99986266e-01]] [[-6.44437763e-04  9.99999651e-01  5.31822141e-04]\n",
      " [ 9.99873093e-01  6.35890481e-04  1.59183298e-02]\n",
      " [ 1.59179861e-02  5.42013022e-04 -9.99873154e-01]]\n",
      "0.021133152005244283 1.5710984221758986\n",
      "0.02988679018150864 2.0003020725644483\n",
      "OCC_Gun_modelv2_nonsym_StainSt/al_0.01_mu_1,100_sig_1.45e6,4.5e6/1e1-1e8_100_el_26657_ord_3_POD_13_1e-6/Data/\n",
      "Opening files from this path =  OCC_Gun_modelv2_nonsym_StainSt/al_0.01_mu_1,100_sig_1.45e6,4.5e6/1e1-1e8_100_el_26657_ord_3_POD_13_1e-6/Data/\n",
      "6\n",
      "R [-5.24556491e-05 -1.30225808e-06 -1.40795970e-06] [[-9.99999908e-01  4.23860836e-04  6.92941651e-05]\n",
      " [ 5.45704802e-05 -3.46389769e-02  9.99399889e-01]\n",
      " [-4.26006751e-04 -9.99399801e-01 -3.46389506e-02]] 1\n",
      "Rtilde [0.00386968 0.00053032 0.00060756] [[ 9.99999805e-01  4.79590507e-04  4.01142890e-04]\n",
      " [ 4.03542305e-04 -5.01346546e-03 -9.99987351e-01]\n",
      " [ 4.77573325e-04 -9.99987317e-01  5.01365801e-03]] 1\n",
      "I [2.98143984e-04 1.49336213e-05 1.10209440e-05] [[ 9.99999710e-01  5.83481643e-04 -4.89539223e-04]\n",
      " [ 5.76173372e-04 -9.99890330e-01 -1.47985050e-02]\n",
      " [ 4.98120191e-04 -1.47982186e-02  9.99890376e-01]] 1\n",
      "7\n",
      "R [-7.14913558e-05 -1.77974821e-06 -1.92544238e-06] [[-9.99999909e-01  4.25004804e-04  4.28366785e-05]\n",
      " [ 2.84451153e-05 -3.38045192e-02  9.99428464e-01]\n",
      " [-4.26209971e-04 -9.99428374e-01 -3.38045040e-02]] 1\n",
      "Rtilde [0.00385064 0.00052984 0.00060704] [[ 9.99999804e-01  4.79879066e-04  4.03203157e-04]\n",
      " [ 4.05597416e-04 -4.99970110e-03 -9.99987419e-01]\n",
      " [ 4.77857133e-04 -9.99987386e-01  4.99989476e-03]] 1\n",
      "I [3.46269671e-04 1.74708314e-05 1.28700552e-05] [[ 9.99999699e-01  6.00316076e-04 -4.90589956e-04]\n",
      " [ 5.92926448e-04 -9.99888417e-01 -1.49265607e-02]\n",
      " [ 4.99495868e-04 -1.49262653e-02  9.99888472e-01]] 1\n",
      "6 1.0\n",
      "[-5.24556491e-05 -1.40795970e-06 -1.30225808e-06] [1.49336213e-05 2.98143984e-04 1.10209440e-05]\n",
      "[[-9.99999908e-01  6.92941651e-05  4.23860836e-04]\n",
      " [ 5.45704802e-05  9.99399889e-01 -3.46389769e-02]\n",
      " [-4.26006751e-04 -3.46389506e-02 -9.99399801e-01]] [[ 5.83481643e-04 -9.99999710e-01  4.89539223e-04]\n",
      " [-9.99890330e-01 -5.76173372e-04  1.47985050e-02]\n",
      " [-1.47982186e-02 -4.98120191e-04 -9.99890376e-01]]\n",
      "0.04944397322726802 1.5720372091772878\n",
      "0.06992433751561467 2.001240497355519\n",
      "7 1.0\n",
      "[-1.77974821e-06 -7.14913558e-05 -1.92544238e-06] [1.28700552e-05 1.74708314e-05 3.46269671e-04]\n",
      "[[ 4.25004804e-04 -9.99999909e-01  4.28366785e-05]\n",
      " [-3.38045192e-02  2.84451153e-05  9.99428464e-01]\n",
      " [-9.99428374e-01 -4.26209971e-04 -3.38045040e-02]] [[ 4.90589956e-04  6.00316076e-04 -9.99999699e-01]\n",
      " [ 1.49265607e-02 -9.99888417e-01 -5.92926448e-04]\n",
      " [-9.99888472e-01 -1.49262653e-02 -4.99495868e-04]]\n",
      "0.04873724807657565 1.5720105282601873\n",
      "0.06892487722263535 2.001213832819416\n"
     ]
    },
    {
     "name": "stderr",
     "output_type": "stream",
     "text": [
      "/Users/paulledger/Coding/Rodrigues_angles/Rodrigues_Angles/src/Fmeasure.py:30: RuntimeWarning: divide by zero encountered in scalar divide\n",
      "  Fexactconst[n] = np.abs(np.linalg.norm(R-I,ord='fro')**2 - diffeig) / np.abs(normalisation)\n",
      "/Users/paulledger/Coding/Rodrigues_angles/Rodrigues_Angles/src/Commeasure.py:36: RuntimeWarning: divide by zero encountered in scalar divide\n",
      "  Comexactconst[n] = np.abs(np.linalg.norm(Z,ord='fro')**2 ) / np.abs(normalisation)\n"
     ]
    },
    {
     "name": "stdout",
     "output_type": "stream",
     "text": [
      "6 1.0\n",
      "[0.00386968 0.00053032 0.00060756] [1.49336213e-05 1.10209440e-05 2.98143984e-04]\n",
      "[[ 9.99999805e-01  4.79590507e-04  4.01142890e-04]\n",
      " [ 4.03542305e-04 -5.01346546e-03 -9.99987351e-01]\n",
      " [ 4.77573325e-04 -9.99987317e-01  5.01365801e-03]] [[-5.83481643e-04  4.89539223e-04  9.99999710e-01]\n",
      " [ 9.99890330e-01  1.47985050e-02  5.76173372e-04]\n",
      " [ 1.47982186e-02 -9.99890376e-01  4.98120191e-04]]\n",
      "0.019812963051503922 1.5710671787914818\n",
      "0.028019761058233877 2.0002708336555566\n",
      "7 1.0\n",
      "[0.00060704 0.00385064 0.00052984] [3.46269671e-04 1.74708314e-05 1.28700552e-05]\n",
      "[[ 4.03203157e-04  9.99999804e-01  4.79879066e-04]\n",
      " [-9.99987419e-01  4.05597416e-04 -4.99970110e-03]\n",
      " [ 4.99989476e-03  4.77857133e-04 -9.99987386e-01]] [[ 9.99999699e-01 -6.00316076e-04  4.90589956e-04]\n",
      " [ 5.92926448e-04  9.99888417e-01  1.49265607e-02]\n",
      " [ 4.99495868e-04  1.49262653e-02 -9.99888472e-01]]\n",
      "0.019927391685879453 1.5710830181026094\n",
      "0.028181587584891584 2.0002866707587543\n",
      "Computing F measure Tilde\n",
      "6 1.0\n",
      "[0.00053162 0.00392213 0.00060897] [1.10209440e-05 1.49336213e-05 2.98143984e-04]\n",
      "[[ 4.78793398e-04  9.99999808e-01  3.94069155e-04]\n",
      " [-5.05392246e-03  3.96483952e-04 -9.99987150e-01]\n",
      " [-9.99987114e-01  4.76795651e-04  5.05411132e-03]] [[ 4.89539223e-04 -5.83481643e-04  9.99999710e-01]\n",
      " [ 1.47985050e-02  9.99890330e-01  5.76173372e-04]\n",
      " [-9.99890376e-01  1.47982186e-02  4.98120191e-04]]\n",
      "0.019853480151303792 1.5710746412398056\n",
      "0.02807706089027888 2.0002782950792777\n",
      "7 1.0\n",
      "[0.00053162 0.00392213 0.00060897] [1.28700552e-05 1.74708314e-05 3.46269671e-04]\n",
      "[[ 4.78793398e-04  9.99999808e-01  3.94069155e-04]\n",
      " [-5.05392246e-03  3.96483952e-04 -9.99987150e-01]\n",
      " [-9.99987114e-01  4.76795651e-04  5.05411132e-03]] [[ 4.90589956e-04 -6.00316076e-04  9.99999699e-01]\n",
      " [ 1.49265607e-02  9.99888417e-01  5.92926448e-04]\n",
      " [-9.99888472e-01  1.49262653e-02  4.99495868e-04]]\n",
      "0.019981696856336214 1.5710926765712254\n",
      "0.028258386693458513 2.0002963278194468\n",
      "OCC_Gun_modelv2_nonsym_StainSt/al_0.01_mu_1,100_sig_1.45e6,4.5e6/1e1-1e8_100_el_26657_ord_4_POD_13_1e-6/Data/\n",
      "Opening files from this path =  OCC_Gun_modelv2_nonsym_StainSt/al_0.01_mu_1,100_sig_1.45e6,4.5e6/1e1-1e8_100_el_26657_ord_4_POD_13_1e-6/Data/\n",
      "6\n",
      "R [-5.25716915e-05 -1.30521373e-06 -1.41234107e-06] [[-9.99999914e-01  4.07325176e-04  8.39299353e-05]\n",
      " [ 7.03356119e-05 -3.32606298e-02  9.99446710e-01]\n",
      " [-4.09891370e-04 -9.99446629e-01 -3.32605983e-02]] 1\n",
      "Rtilde [0.0038746  0.00053099 0.00060893] [[ 9.99999821e-01  4.58935390e-04  3.84539068e-04]\n",
      " [ 3.86828808e-04 -4.99962687e-03 -9.99987427e-01]\n",
      " [ 4.57007068e-04 -9.99987396e-01  4.99980351e-03]] 1\n",
      "I [2.98639117e-04 1.49599732e-05 1.10269372e-05] [[ 9.99999727e-01  5.68024194e-04 -4.71848226e-04]\n",
      " [ 5.61041869e-04 -9.99892255e-01 -1.46684377e-02]\n",
      " [ 4.80129414e-04 -1.46681689e-02  9.99892301e-01]] 1\n",
      "7\n",
      "R [-7.16477395e-05 -1.78372972e-06 -1.93138258e-06] [[-9.99999915e-01  4.08466398e-04  5.74673152e-05]\n",
      " [ 4.41886209e-05 -3.24346437e-02  9.99473858e-01]\n",
      " [-4.10115418e-04 -9.99473775e-01 -3.24346229e-02]] 1\n",
      "Rtilde [0.00385553 0.00053051 0.00060841] [[ 9.99999820e-01  4.59199278e-04  3.86595043e-04]\n",
      " [ 3.88880073e-04 -4.98649831e-03 -9.99987492e-01]\n",
      " [ 4.57265779e-04 -9.99987462e-01  4.98667598e-03]] 1\n",
      "I [3.46840551e-04 1.75014664e-05 1.28768137e-05] [[ 9.99999717e-01  5.84914194e-04 -4.72878746e-04]\n",
      " [ 5.77853614e-04 -9.99890369e-01 -1.47957988e-02]\n",
      " [ 4.81481177e-04 -1.47955214e-02  9.99890424e-01]] 1\n",
      "6 1.0\n",
      "[-5.25716915e-05 -1.41234107e-06 -1.30521373e-06] [1.49599732e-05 2.98639117e-04 1.10269372e-05]\n",
      "[[-9.99999914e-01  8.39299353e-05  4.07325176e-04]\n",
      " [ 7.03356119e-05  9.99446710e-01 -3.32606298e-02]\n",
      " [-4.09891370e-04 -3.32605983e-02 -9.99446629e-01]] [[ 5.68024194e-04 -9.99999727e-01  4.71848226e-04]\n",
      " [-9.99892255e-01 -5.61041869e-04  1.46684377e-02]\n",
      " [-1.46681689e-02 -4.80129414e-04 -9.99892301e-01]]\n",
      "0.0479353322484258 1.57200119255837\n",
      "0.06779079698258415 2.0012045027652277\n",
      "7 1.0\n",
      "[-7.16477395e-05 -1.78372972e-06 -1.93138258e-06] [1.75014664e-05 1.28768137e-05 3.46840551e-04]\n",
      "[[-9.99999915e-01  4.08466398e-04  5.74673152e-05]\n",
      " [ 4.41886209e-05 -3.24346437e-02  9.99473858e-01]\n",
      " [-4.10115418e-04 -9.99473775e-01 -3.24346229e-02]] [[ 5.84914194e-04  4.72878746e-04 -9.99999717e-01]\n",
      " [-9.99890369e-01  1.47957988e-02 -5.77853614e-04]\n",
      " [-1.47955214e-02 -9.99890424e-01 -4.81481177e-04]]\n",
      "0.04723641150464321 1.5719752653147592\n",
      "0.06680237378770296 2.001178590977589\n",
      "6 1.0\n",
      "[0.0038746  0.00060893 0.00053099] [1.49599732e-05 2.98639117e-04 1.10269372e-05]\n",
      "[[-9.99999821e-01  3.84539068e-04  4.58935390e-04]\n",
      " [-3.86828808e-04 -9.99987427e-01 -4.99962687e-03]\n",
      " [-4.57007068e-04  4.99980351e-03 -9.99987396e-01]] [[ 5.68024194e-04  9.99999727e-01  4.71848226e-04]\n",
      " [-9.99892255e-01  5.61041869e-04  1.46684377e-02]\n",
      " [-1.46681689e-02  4.80129414e-04 -9.99892301e-01]]\n",
      "0.01966907118577077 1.5710673516943658\n",
      "0.027816267230198893 2.0002710065350153\n",
      "7 1.0\n",
      "[0.00385553 0.00060841 0.00053051] [1.75014664e-05 3.46840551e-04 1.28768137e-05]\n",
      "[[ 9.99999820e-01 -3.86595043e-04  4.59199278e-04]\n",
      " [ 3.88880073e-04  9.99987492e-01 -4.98649831e-03]\n",
      " [ 4.57265779e-04 -4.98667598e-03 -9.99987462e-01]] [[-5.84914194e-04 -9.99999717e-01  4.72878746e-04]\n",
      " [ 9.99890369e-01 -5.77853614e-04  1.47957988e-02]\n",
      " [ 1.47955214e-02 -4.81481177e-04 -9.99890424e-01]]\n",
      "0.01978344355789385 1.5710832448328538\n",
      "0.027978014190016127 2.0002868974564834\n",
      "Computing F measure Tilde\n",
      "6 1.0\n",
      "[0.00053229 0.00392717 0.00061034] [1.10269372e-05 1.49599732e-05 2.98639117e-04]\n",
      "[[ 4.58203616e-04  9.99999824e-01  3.77473597e-04]\n",
      " [-5.03838862e-03  3.79777453e-04 -9.99987235e-01]\n",
      " [-9.99987202e-01  4.56295908e-04  5.03856175e-03]] [[ 4.71848226e-04 -5.68024194e-04  9.99999727e-01]\n",
      " [ 1.46684377e-02  9.99892255e-01  5.61041869e-04]\n",
      " [-9.99892301e-01  1.46681689e-02  4.80129414e-04]]\n",
      "0.01970789417015911 1.5710747871408732\n",
      "0.027871171221252673 2.000278440960036\n",
      "7 1.0\n",
      "[0.00392717 0.00053229 0.00061034] [1.75014664e-05 1.28768137e-05 3.46840551e-04]\n",
      "[[ 9.99999824e-01  4.58203616e-04  3.77473597e-04]\n",
      " [ 3.79777453e-04 -5.03838862e-03 -9.99987235e-01]\n",
      " [ 4.56295908e-04 -9.99987202e-01  5.03856175e-03]] [[-5.84914194e-04  4.72878746e-04  9.99999717e-01]\n",
      " [ 9.99890369e-01  1.47957988e-02  5.77853614e-04]\n",
      " [ 1.47955214e-02 -9.99890424e-01  4.81481177e-04]]\n",
      "0.019835419220046818 1.5710928648993963\n",
      "0.02805151887634617 2.0002965161197017\n",
      "OCC_Gun_modelv2_nonsym_StainSt/al_0.01_mu_1,100_sig_1.45e6,4.5e6/1e1-1e8_100_el_26657_ord_5_POD_13_1e-6/Data/\n",
      "Opening files from this path =  OCC_Gun_modelv2_nonsym_StainSt/al_0.01_mu_1,100_sig_1.45e6,4.5e6/1e1-1e8_100_el_26657_ord_5_POD_13_1e-6/Data/\n",
      "6\n",
      "R [-5.26182102e-05 -1.30599480e-06 -1.41388406e-06] [[-9.99999916e-01  4.00216696e-04  8.99089414e-05]\n",
      " [ 7.68003703e-05 -3.26340429e-02  9.99467365e-01]\n",
      " [-4.02937619e-04 -9.99467288e-01 -3.26340095e-02]] 1\n",
      "Rtilde [0.00387664 0.00053125 0.00060949] [[ 9.99999827e-01  4.50498131e-04  3.78130903e-04]\n",
      " [ 3.80375933e-04 -4.99382113e-03 -9.99987458e-01]\n",
      " [ 4.48604163e-04 -9.99987429e-01  4.99399163e-03]] 1\n",
      "I [2.98843172e-04 1.49709674e-05 1.10290102e-05] [[ 9.99999734e-01  5.62387614e-04 -4.64509357e-04]\n",
      " [ 5.55536343e-04 -9.99892965e-01 -1.46202081e-02]\n",
      " [ 4.72681862e-04 -1.46199462e-02  9.99893011e-01]] 1\n",
      "7\n",
      "R [-7.17107612e-05 -1.78478139e-06 -1.93348627e-06] [[-9.99999917e-01  4.01348615e-04  6.34193288e-05]\n",
      " [ 5.06135003e-05 -3.18269541e-02  9.99493393e-01]\n",
      " [-4.03163733e-04 -9.99493314e-01 -3.18269312e-02]] 1\n",
      "Rtilde [0.00385755 0.00053077 0.00060897] [[ 9.99999826e-01  4.50754120e-04  3.80186740e-04]\n",
      " [ 3.82427240e-04 -4.98093570e-03 -9.99987522e-01]\n",
      " [ 4.48854810e-04 -9.99987493e-01  4.98110722e-03]] 1\n",
      "I [3.47075937e-04 1.75142770e-05 1.28791621e-05] [[ 9.99999724e-01  5.79301175e-04 -4.65536904e-04]\n",
      " [ 5.72373208e-04 -9.99891101e-01 -1.47464982e-02]\n",
      " [ 4.74028871e-04 -1.47462277e-02  9.99891156e-01]] 1\n",
      "6 1.0\n",
      "[-5.26182102e-05 -1.41388406e-06 -1.30599480e-06] [1.49709674e-05 2.98843172e-04 1.10290102e-05]\n",
      "[[-9.99999916e-01  8.99089414e-05  4.00216696e-04]\n",
      " [ 7.68003703e-05  9.99467365e-01 -3.26340429e-02]\n",
      " [-4.02937619e-04 -3.26340095e-02 -9.99467288e-01]] [[ 5.62387614e-04 -9.99999734e-01  4.64509357e-04]\n",
      " [-9.99892965e-01 -5.55536343e-04  1.46202081e-02]\n",
      " [-1.46199462e-02 -4.72681862e-04 -9.99893011e-01]]\n",
      "0.04726043417982035 1.5719861208037027\n",
      "0.06683634698074296 2.001189440036192\n",
      "7 1.0\n",
      "[-1.93348627e-06 -7.17107612e-05 -1.78478139e-06] [3.47075937e-04 1.75142770e-05 1.28791621e-05]\n",
      "[[ 6.34193288e-05 -9.99999917e-01  4.01348615e-04]\n",
      " [ 9.99493393e-01  5.06135003e-05 -3.18269541e-02]\n",
      " [-3.18269312e-02 -4.03163733e-04 -9.99493314e-01]] [[-9.99999724e-01  5.79301175e-04  4.65536904e-04]\n",
      " [-5.72373208e-04 -9.99891101e-01  1.47464982e-02]\n",
      " [-4.74028871e-04 -1.47462277e-02 -9.99891156e-01]]\n",
      "0.04657935373151761 1.5719608290930955\n",
      "0.06587315377368604 2.0011641632160098\n"
     ]
    },
    {
     "name": "stdout",
     "output_type": "stream",
     "text": [
      "6 1.0\n",
      "[0.00053125 0.00060949 0.00387664] [1.10290102e-05 2.98843172e-04 1.49709674e-05]\n",
      "[[-4.50498131e-04  3.78130903e-04  9.99999827e-01]\n",
      " [ 4.99382113e-03 -9.99987458e-01  3.80375933e-04]\n",
      " [ 9.99987429e-01  4.99399163e-03  4.48604163e-04]] [[-4.64509357e-04  9.99999734e-01 -5.62387614e-04]\n",
      " [-1.46202081e-02  5.55536343e-04  9.99892965e-01]\n",
      " [ 9.99893011e-01  4.72681862e-04  1.46199462e-02]]\n",
      "0.019615044606619367 1.5710677724779105\n",
      "0.02773986210923435 2.000271427261491\n",
      "7 1.0\n",
      "[0.00385755 0.00053077 0.00060897] [1.75142770e-05 1.28791621e-05 3.47075937e-04]\n",
      "[[ 9.99999826e-01  4.50754120e-04  3.80186740e-04]\n",
      " [ 3.82427240e-04 -4.98093570e-03 -9.99987522e-01]\n",
      " [ 4.48854810e-04 -9.99987493e-01  4.98110722e-03]] [[-5.79301175e-04  4.65536904e-04  9.99999724e-01]\n",
      " [ 9.99891101e-01  1.47464982e-02  5.72373208e-04]\n",
      " [ 1.47462277e-02 -9.99891156e-01  4.74028871e-04]]\n",
      "0.01972859029537793 1.571083679490012\n",
      "0.0279004399622257 2.000287332051234\n",
      "Computing F measure Tilde\n",
      "6 1.0\n",
      "[0.0006109  0.00392926 0.00053256] [2.98843172e-04 1.49709674e-05 1.10290102e-05]\n",
      "[[-3.71062828e-04  9.99999830e-01  4.49787510e-04]\n",
      " [ 9.99987270e-01  3.73321435e-04 -5.03185884e-03]\n",
      " [-5.03202590e-03  4.47914649e-04 -9.99987239e-01]] [[-9.99999734e-01 -5.62387614e-04  4.64509357e-04]\n",
      " [-5.55536343e-04  9.99892965e-01  1.46202081e-02]\n",
      " [-4.72681862e-04  1.46199462e-02 -9.99893011e-01]]\n",
      "0.01965314416239042 1.5710752027802557\n",
      "0.027793743017726167 2.000278856541502\n",
      "7 1.0\n",
      "[0.0006109  0.00392926 0.00053256] [3.47075937e-04 1.75142770e-05 1.28791621e-05]\n",
      "[[ 3.71062828e-04  9.99999830e-01  4.49787510e-04]\n",
      " [-9.99987270e-01  3.73321435e-04 -5.03185884e-03]\n",
      " [ 5.03202590e-03  4.47914649e-04 -9.99987239e-01]] [[ 9.99999724e-01 -5.79301175e-04  4.65536904e-04]\n",
      " [ 5.72373208e-04  9.99891101e-01  1.47464982e-02]\n",
      " [ 4.74028871e-04  1.47462277e-02 -9.99891156e-01]]\n",
      "0.019779599599950865 1.5710932915791063\n",
      "0.027972578012559965 2.000296942736098\n"
     ]
    },
    {
     "data": {
