{
 "cells": [
  {
   "cell_type": "markdown",
   "id": "f80aa27b",
   "metadata": {},
   "source": [
    "Consider different random orthogonal matrices. Fix eigenvalue (eg assuming two to be the same) and consider the error in the approximation of dR by dC and dE.\n",
    "\n",
    "See details on random orthogonal matrices from Nick Higham https://nhigham.com/2020/04/22/what-is-a-random-orthogonal-matrix/"
   ]
  },
  {
   "cell_type": "code",
   "execution_count": 1,
   "id": "fce6bebc",
   "metadata": {},
   "outputs": [],
   "source": [
    "from time import time\n",
    "import numpy as np\n",
    "import os\n",
    "import sys\n",
    "from matplotlib import pyplot as plt\n",
    "from scipy.stats import ortho_group\n",
    "# include the src path\n",
    "sys.path.insert(0, \"src\")\n",
    "from EigenValueDecomposition import *\n",
    "from MinMaxthetafromQRQI import *\n",
    "from SortEigenValues import *\n",
    "from AnglesSortedQRQI import *\n",
    "from SplitTensor import *\n",
    "from Fmeasure import *\n",
    "from Commeasure import *"
   ]
  },
  {
   "cell_type": "code",
   "execution_count": 16,
   "id": "761d4bfb",
   "metadata": {},
   "outputs": [
    {
     "name": "stdout",
     "output_type": "stream",
     "text": [
      "[2.1, 4.1, 5.1]\n"
     ]
    }
   ],
   "source": [
    "# Fix number of cases to be considered and fix some eigenvalues.\n",
    "N=1000\n",
    "uR=[2,4,5]\n",
    "uRtilde=uR\n",
    "epsilon=1e-1\n",
    "uI=[0,0,0]\n",
    "for i in range(3):\n",
    "    uI[i]=uR[i]+epsilon\n",
    "print(uI)\n",
    "MultR=[1,1,1]\n",
    "MultI=[1,1,1]\n",
    "MultRtilde=[1,1,1]\n",
    "\n",
    "N0=np.zeros((3,3))\n",
    "Rstore=np.zeros((N,9))\n",
    "Istore=np.zeros((N,9))\n",
    "Mlist=np.zeros(9, dtype=complex)\n",
    "TensorArray=np.zeros((N,9),dtype=complex)\n",
    "Frequencies=np.zeros(N)\n",
    "URstore=np.zeros((N,3))\n",
    "UIstore=np.zeros((N,3))\n",
    "URtildestore=np.zeros((N,3))\n",
    "QRstore=np.zeros((N,3,3))\n",
    "QIstore=np.zeros((N,3,3))\n",
    "QRtildestore=np.zeros((N,3,3))\n",
    "MultRstore=np.zeros(N)\n",
    "MultIstore=np.zeros(N)\n",
    "MultRtildestore=np.zeros(N)\n"
   ]
  },
  {
   "cell_type": "code",
   "execution_count": 17,
   "id": "89b9fdc2",
   "metadata": {
    "scrolled": false
   },
   "outputs": [
    {
     "name": "stdout",
     "output_type": "stream",
     "text": [
      "[[ 0.23301218 -0.93037965 -0.28301772]\n",
      " [-0.05833277 -0.30387656  0.95092393]\n",
      " [-0.97072273 -0.20506765 -0.12507856]] 0.9999999999999999\n",
      "[[-0.79498144 -0.60590946  0.02963506]\n",
      " [-0.35689236  0.42763894 -0.83051356]\n",
      " [ 0.49054292 -0.6708194  -0.55620948]] 0.9999999999999998\n",
      "[[ 0.07348539 -0.89457937  0.44082609]\n",
      " [ 0.87844317 -0.15121059 -0.45329125]\n",
      " [ 0.47216257  0.42055095  0.77472537]] 1.0000000000000002\n",
      "[[ 0.30165233  0.92255874 -0.24060598]\n",
      " [ 0.63533776 -0.0063445   0.77220831]\n",
      " [ 0.71088101 -0.3858045  -0.58805023]] 0.9999999999999998\n",
      "[[-0.55352161  0.55743598  0.61877214]\n",
      " [ 0.01916391 -0.73424927  0.67860942]\n",
      " [ 0.8326143   0.38748307  0.39574019]] 0.9999999999999997\n",
      "[[-0.68230258 -0.50464712  0.52895603]\n",
      " [ 0.46495367 -0.85789231 -0.218721  ]\n",
      " [ 0.56416423  0.09670614  0.81997966]] 0.9999999999999999\n",
      "[[ 0.77915636  0.46569451  0.41957597]\n",
      " [ 0.60807673 -0.72404916 -0.3255695 ]\n",
      " [ 0.1521777   0.50880393 -0.8473255 ]] 1.0000000000000002\n",
      "[[ 0.12477356  0.42079632 -0.89853326]\n",
      " [-0.98449556  0.16503844 -0.05942067]\n",
      " [ 0.12328852  0.89201613  0.43486454]] 1.0000000000000002\n",
      "[[ 0.35252121  0.91929785 -0.17498646]\n",
      " [ 0.28715593  0.07170457  0.95519628]\n",
      " [ 0.89065721 -0.38697534 -0.23870445]] 1.0\n",
      "[[-0.64224254  0.76563953  0.03634054]\n",
      " [ 0.58911777  0.52339104 -0.61563145]\n",
      " [-0.49037209 -0.37397584 -0.78719584]] 1.0\n",
      "[[-0.72271591  0.51829978  0.45721663]\n",
      " [-0.45504221  0.14109248 -0.87922096]\n",
      " [-0.52020986 -0.84347984  0.1338785 ]] 1.0000000000000004\n",
      "[[-0.78753807 -0.06841921 -0.6124562 ]\n",
      " [-0.41215912 -0.6803697   0.6059884 ]\n",
      " [-0.45815789  0.72966834  0.50761744]] 1.0\n",
      "[[ 0.96254125 -0.16876409  0.21220987]\n",
      " [-0.06195405 -0.8988633  -0.4338277 ]\n",
      " [ 0.2639622   0.40442979 -0.87564862]] 1.0000000000000002\n",
      "[[ 0.99059188 -0.05700643 -0.1244106 ]\n",
      " [-0.06511482  0.60325888 -0.79488288]\n",
      " [ 0.12036524  0.7955055   0.59387138]] 1.0000000000000002\n",
      "[[-0.97052333 -0.17223376  0.16858232]\n",
      " [ 0.05207194 -0.83282286 -0.55108492]\n",
      " [ 0.23531463 -0.52606236  0.81724257]] 1.0000000000000002\n",
      "[[-0.25133602  0.86396811 -0.43633623]\n",
      " [ 0.78812675  0.44436932  0.42590156]\n",
      " [ 0.5618598  -0.23684385 -0.79260239]] 1.0000000000000002\n",
      "[[-0.90321715  0.25349235  0.34632414]\n",
      " [-0.42909903 -0.5173261  -0.74043753]\n",
      " [-0.00853273 -0.81738323  0.57603112]] 0.9999999999999999\n",
      "[[-0.11443175  0.93616556 -0.33241452]\n",
      " [ 0.70116967  0.31315214  0.64054416]\n",
      " [ 0.70375171 -0.15978039 -0.69224545]] 0.9999999999999998\n",
      "[[-0.52026963 -0.44222845 -0.73058436]\n",
      " [-0.71885736  0.68862334  0.09508939]\n",
      " [ 0.46104621  0.57465806 -0.67616899]] 0.9999999999999998\n",
      "[[-0.9483932   0.13058379  0.28896058]\n",
      " [ 0.19583989 -0.47549438  0.85764318]\n",
      " [ 0.24939343  0.86997297  0.42538213]] 1.0\n",
      "[[ 0.61918577 -0.72008134 -0.31319618]\n",
      " [ 0.05675817 -0.35676721  0.93246752]\n",
      " [-0.78319058 -0.59514706 -0.18003468]] 0.9999999999999996\n",
      "[[-0.29051576 -0.48120148  0.82707057]\n",
      " [ 0.55730525 -0.78770744 -0.26254112]\n",
      " [ 0.77782482  0.38465844  0.49701754]] 0.9999999999999999\n",
      "[[-0.09485579 -0.55480816  0.82655325]\n",
      " [-0.97705335 -0.10717458 -0.18406618]\n",
      " [ 0.19070692 -0.82504637 -0.53191104]] 0.9999999999999998\n",
      "[[-0.81856138 -0.37637142 -0.43393758]\n",
      " [-0.22022655 -0.49208483  0.84223084]\n",
      " [-0.53052571  0.78498222  0.31991466]] 1.0\n",
      "[[ 0.80165025 -0.11139595 -0.58732259]\n",
      " [ 0.57696912 -0.11287981  0.80892817]\n",
      " [-0.15640819 -0.98734446 -0.02621811]] 1.0\n",
      "[[-0.6361141   0.24740278 -0.73085615]\n",
      " [ 0.58722504 -0.45921322 -0.6665508 ]\n",
      " [-0.50052532 -0.8531794   0.1468309 ]] 1.0000000000000002\n",
      "[[-0.50602558 -0.11975538  0.85416436]\n",
      " [-0.55249664  0.80547361 -0.21438219]\n",
      " [-0.66233344 -0.58040581 -0.4737547 ]] 1.0000000000000004\n",
      "[[ 0.594485    0.80354451 -0.03006322]\n",
      " [ 0.09776677 -0.10933926 -0.98918481]\n",
      " [-0.79814112  0.58511635 -0.1435605 ]] 1.0\n",
      "[[ 0.37358163 -0.47871728 -0.79452284]\n",
      " [-0.37979442  0.70251279 -0.60185711]\n",
      " [ 0.84628185  0.5265981   0.08063172]] 1.0\n",
      "[[-0.16223235 -0.48615403  0.85868209]\n",
      " [ 0.42483311 -0.81984052 -0.38389889]\n",
      " [ 0.89061636  0.30251576  0.33953898]] 0.9999999999999998\n",
      "[[-0.39150966 -0.85999462  0.32730635]\n",
      " [-0.53256293  0.50184453  0.68156349]\n",
      " [-0.75039784  0.09252746 -0.65447823]] 1.0\n",
      "[[ 0.15602334 -0.42116482 -0.89346344]\n",
      " [ 0.9790438   0.18579512  0.08338709]\n",
      " [ 0.13088143 -0.88775017  0.44132718]] 0.9999999999999999\n",
      "[[ 0.95752281  0.27666254 -0.08128901]\n",
      " [ 0.12524917 -0.65295816 -0.74696605]\n",
      " [-0.25973585  0.70505565 -0.65987409]] 0.9999999999999998\n",
      "[[-0.8727238  -0.04715374  0.48593178]\n",
      " [ 0.43792405  0.36437257  0.82186079]\n",
      " [-0.21581402  0.93005868 -0.29734686]] 1.0\n",
      "[[-0.00504755  0.9348515   0.3550031 ]\n",
      " [ 0.68203774  0.26283864 -0.68245173]\n",
      " [-0.73129956  0.2386808  -0.6389307 ]] 1.0\n",
      "[[-0.09458895 -0.90276018  0.41961528]\n",
      " [ 0.30752914  0.37439195  0.8747894 ]\n",
      " [-0.94682562  0.21178934  0.24221172]] 1.0000000000000007\n",
      "[[ 0.30309968  0.83230218  0.464116  ]\n",
      " [-0.85225381  0.01884302  0.52278905]\n",
      " [ 0.42637312 -0.55400182  0.71504402]] 0.9999999999999998\n",
      "[[-0.84161751  0.03382783  0.53901358]\n",
      " [-0.0665798  -0.99692217 -0.04139231]\n",
      " [ 0.53595438 -0.07072391  0.8412794 ]] 0.9999999999999999\n",
      "[[ 0.32602798  0.32141187 -0.88904452]\n",
      " [-0.94419568  0.06404689 -0.3230983 ]\n",
      " [-0.04690709  0.94477109  0.32435678]] 0.9999999999999999\n",
      "[[ 0.51934899 -0.50614995 -0.6885411 ]\n",
      " [-0.04728221  0.78746995 -0.6145368 ]\n",
      " [ 0.8532532   0.35171481  0.38503983]] 1.0\n",
      "[[-0.76883985  0.63935665 -0.01040947]\n",
      " [-0.06750257 -0.0649637   0.99560189]\n",
      " [ 0.63586845  0.76616108  0.0931049 ]] 1.0000000000000002\n",
      "[[-0.62258426 -0.0723104  -0.77920475]\n",
      " [ 0.27462034  0.91220738 -0.30407461]\n",
      " [ 0.73278408 -0.40329754 -0.54806805]] 1.0000000000000002\n",
      "[[ 0.53746476  0.69097585 -0.48340873]\n",
      " [-0.8432799   0.44260531 -0.30492549]\n",
      " [ 0.00326312  0.57153557  0.8205708 ]] 1.0\n",
      "[[-0.912673    0.24681797  0.32574359]\n",
      " [-0.06098826  0.70586492 -0.70571606]\n",
      " [-0.40411438 -0.66395452 -0.62917085]] 1.0000000000000004\n",
      "[[ 0.62277675  0.04488555  0.78111101]\n",
      " [ 0.39674341  0.84235909 -0.36472707]\n",
      " [-0.67434693  0.53704418  0.50679361]] 0.9999999999999996\n",
      "[[ 0.90815224 -0.28716457  0.30462439]\n",
      " [ 0.39472714  0.82976641 -0.39456076]\n",
      " [-0.13946322  0.47856475  0.86690587]] 1.0\n",
      "[[ 0.99905485  0.01721939  0.03991104]\n",
      " [-0.03265093 -0.30882262  0.95055905]\n",
      " [ 0.02869348 -0.95096376 -0.30796851]] 0.9999999999999999\n",
      "[[ 0.90174325  0.11080905  0.41782827]\n",
      " [ 0.32799183 -0.80499363 -0.49437498]\n",
      " [ 0.28156787  0.58284356 -0.76224204]] 1.0\n",
      "[[-0.60058277 -0.38031336 -0.70332218]\n",
      " [ 0.23249627 -0.92469125  0.30148229]\n",
      " [-0.76501361  0.01754529  0.64377507]] 1.0\n",
      "[[-0.60990659  0.02143476  0.79218338]\n",
      " [ 0.22707029  0.96244651  0.14878102]\n",
      " [-0.75924504  0.27062383 -0.59186967]] 1.0000000000000004\n",
      "[[ 0.82760876 -0.14437315 -0.54242063]\n",
      " [-0.01045579 -0.9701532   0.24226728]\n",
      " [-0.561208   -0.19483109 -0.80441682]] 0.9999999999999999\n",
      "[[ 0.73783656 -0.6722398   0.06075245]\n",
      " [ 0.66693474  0.73993846  0.08768772]\n",
      " [-0.10390025 -0.02418128  0.99429372]] 0.9999999999999999\n",
      "[[-0.95104634  0.24938869  0.18252709]\n",
      " [-0.26070172 -0.9645709  -0.04046711]\n",
      " [ 0.16596828 -0.08607123  0.98236769]] 1.0000000000000002\n",
      "[[-0.89310418  0.30995051  0.32603006]\n",
      " [ 0.27685896 -0.1925147   0.94142828]\n",
      " [ 0.35456175  0.93105788  0.08612311]] 1.0000000000000002\n",
      "[[ 0.90088797  0.42147373  0.10373405]\n",
      " [ 0.39063746 -0.68310195 -0.61706896]\n",
      " [-0.18921743  0.59643241 -0.78004176]] 1.0000000000000002\n",
      "[[ 0.09326283  0.22944507  0.96884313]\n",
      " [-0.218529    0.95407361 -0.20491124]\n",
      " [-0.97136354 -0.19260972  0.13912001]] 0.9999999999999991\n",
      "[[ 0.01015111 -0.12250172  0.99241639]\n",
      " [-0.9522455   0.30169733  0.04698108]\n",
      " [-0.30516464 -0.94550095 -0.11358915]] 0.9999999999999997\n",
      "[[-0.49131407 -0.18979608 -0.85005173]\n",
      " [ 0.03946455  0.97011539 -0.23941319]\n",
      " [ 0.87008795 -0.15117398 -0.46914112]] 1.0000000000000002\n",
      "[[ 0.30796399  0.89737839  0.31602246]\n",
      " [ 0.61183441 -0.44117344  0.65652468]\n",
      " [ 0.72857178 -0.00883254 -0.68491251]] 1.0\n",
      "[[-0.9292375   0.24774099 -0.27412055]\n",
      " [-0.2290677  -0.96839475 -0.09868935]\n",
      " [-0.2899063  -0.02891368  0.95661818]] 0.9999999999999999\n",
      "[[ 0.12011961  0.49140379  0.8626086 ]\n",
      " [ 0.0111653   0.86817627 -0.49613032]\n",
      " [-0.99269664  0.06922627  0.09879832]] 1.0000000000000002\n",
      "[[-0.69291665 -0.37390763  0.61648974]\n",
      " [ 0.24943023 -0.92654335 -0.28160609]\n",
      " [ 0.67649913 -0.04135837  0.73528117]] 1.0\n",
      "[[-0.46581791 -0.86616266 -0.18104122]\n",
      " [ 0.37587312 -0.37890016  0.84566782]\n",
      " [-0.80108244  0.32587869  0.50206574]] 1.0000000000000004\n",
      "[[-0.34966011 -0.93677776  0.01361057]\n",
      " [-0.52166031  0.18260574 -0.83338207]\n",
      " [ 0.77820841 -0.29850056 -0.55252971]] 1.0000000000000007\n",
      "[[ 0.85328953  0.49255369  0.17113692]\n",
      " [ 0.30928669 -0.2138521  -0.92661158]\n",
      " [-0.41980797  0.84359833 -0.33481806]] 0.9999999999999997\n",
      "[[-0.61112078  0.78865737  0.0674607 ]\n",
      " [-0.22652035 -0.09258989 -0.96959561]\n",
      " [-0.75843255 -0.60782124  0.23523055]] 1.0000000000000002\n",
      "[[ 0.8774431  -0.2588143   0.40386726]\n",
      " [-0.44989537 -0.73609592  0.50572419]\n",
      " [ 0.16639639 -0.62544221 -0.76232164]] 1.0000000000000002\n",
      "[[ 0.90740573  0.17180765  0.38353223]\n",
      " [-0.40433428  0.10808948  0.90820177]\n",
      " [ 0.11458022 -0.97918272  0.16754873]] 0.9999999999999999\n",
      "[[ 0.66285005 -0.74858583 -0.01578183]\n",
      " [-0.74741855 -0.660265   -0.07359109]\n",
      " [ 0.04466906  0.06057549 -0.99716362]] 1.0000000000000002\n",
      "[[ 0.34795747  0.73569939 -0.58109553]\n",
      " [-0.86568513  0.49006903  0.10208627]\n",
      " [ 0.35988172  0.46752408  0.8074072 ]] 0.9999999999999998\n",
      "[[-0.11792788 -0.6047248  -0.78765534]\n",
      " [ 0.972585   -0.23043174  0.0312991 ]\n",
      " [-0.20042813 -0.76237073  0.61532059]] 0.9999999999999991\n",
      "[[ 0.58387272 -0.8113703   0.02776487]\n",
      " [-0.80074682 -0.56991834  0.18438443]\n",
      " [-0.13378034 -0.12988967 -0.98246195]] 1.0\n",
      "[[-0.33957318 -0.00836739 -0.94054242]\n",
      " [ 0.81638657 -0.49923444 -0.29030663]\n",
      " [-0.46712206 -0.86642655  0.17635765]] 1.0000000000000004\n",
      "[[ 0.96680287 -0.16990675  0.19085048]\n",
      " [ 0.10224937 -0.42724875 -0.89833377]\n",
      " [ 0.2341736   0.88802601 -0.39569246]] 0.9999999999999999\n",
      "[[-0.22946576 -0.10925602 -0.96716523]\n",
      " [-0.4758573  -0.85423188  0.20939849]\n",
      " [-0.84906142  0.50828242  0.14402669]] 0.9999999999999997\n",
      "[[-0.45477182  0.84859062  0.27032677]\n",
      " [ 0.76130665  0.52791728 -0.37645123]\n",
      " [-0.46216315  0.03460216 -0.88611958]] 1.0\n",
      "[[ 0.24893762  0.92007553 -0.30247492]\n",
      " [ 0.96844254 -0.24040495  0.06576105]\n",
      " [-0.01221133 -0.30929998 -0.95088612]] 1.0000000000000007\n",
      "[[-0.2254213  -0.36907938 -0.90164608]\n",
      " [-0.07803984  0.92933289 -0.36090188]\n",
      " [ 0.9711308  -0.01099066 -0.23829432]] 1.0000000000000004\n",
      "[[-0.89260238 -0.05274152  0.44774918]\n",
      " [-0.37178692 -0.47565718 -0.79719805]\n",
      " [ 0.25502055 -0.87804817  0.40496412]] 0.9999999999999997\n",
      "[[-0.92416404  0.23260456 -0.30301146]\n",
      " [ 0.06428398 -0.68721903 -0.72360043]\n",
      " [-0.376548   -0.68820427  0.62015037]] 0.9999999999999996\n",
      "[[ 0.29952785 -0.11814532  0.94674429]\n",
      " [-0.78795146 -0.59015411  0.17564348]\n",
      " [ 0.53797358 -0.79859865 -0.26986037]] 1.0\n",
      "[[-0.70994829  0.34698686  0.61284055]\n",
      " [-0.14434652 -0.92341853  0.35561539]\n",
      " [ 0.68930219  0.16400714  0.70566575]] 0.9999999999999999\n",
      "[[-0.13873787  0.58388874  0.79989108]\n",
      " [ 0.93251713  0.34895088 -0.09297897]\n",
      " [-0.33341207  0.73301243 -0.59289896]] 1.0000000000000002\n",
      "[[-0.26400692  0.96185324 -0.07168461]\n",
      " [ 0.60765506  0.108149   -0.7868031 ]\n",
      " [-0.7490365  -0.25128098 -0.61302707]] 1.0000000000000002\n",
      "[[-0.28875782  0.01732499 -0.95724541]\n",
      " [-0.75594873  0.60941714  0.23906539]\n",
      " [ 0.58750357  0.79266045 -0.16287716]] 1.0\n",
      "[[-0.76796368 -0.58839516  0.2530275 ]\n",
      " [-0.44021826  0.77184633  0.45876043]\n",
      " [-0.46523076  0.24092402 -0.85177224]] 1.0\n",
      "[[-0.19234807 -0.85391318  0.48356436]\n",
      " [-0.09226642 -0.47484614 -0.87521886]\n",
      " [ 0.97697959 -0.21296341  0.01254822]] 0.9999999999999992\n",
      "[[-0.05561122  0.91915628 -0.3899476 ]\n",
      " [-0.6386638   0.26745612  0.72150937]\n",
      " [ 0.76747374  0.28916943  0.57215828]] 0.9999999999999998\n",
      "[[-0.8009359  -0.14006491  0.58213702]\n",
      " [-0.09827162 -0.92831771 -0.35856508]\n",
      " [ 0.59063049 -0.34439519  0.72975857]] 1.0000000000000002\n",
      "[[ 0.65376597  0.75121139 -0.09094778]\n",
      " [ 0.32605132 -0.17119702  0.92972153]\n",
      " [ 0.68284741 -0.63747394 -0.35685625]] 0.9999999999999999\n",
      "[[ 0.49027608  0.77990662 -0.38906945]\n",
      " [ 0.16344333  0.35621124  0.91999991]\n",
      " [ 0.85610493 -0.51464475  0.04717132]] 1.0000000000000002\n",
      "[[-0.65778127 -0.47272617  0.58639046]\n",
      " [ 0.43212486  0.40080702  0.80785013]\n",
      " [-0.61692132  0.78478258 -0.05936662]] 1.0\n",
      "[[-0.23395777 -0.83727349  0.49420327]\n",
      " [-0.87817444  0.40011547  0.26213979]\n",
      " [-0.41722107 -0.37266703 -0.8288823 ]] 1.0000000000000002\n",
      "[[ 0.48661592  0.57745902 -0.65555017]\n",
      " [-0.12568209  0.78885541  0.60159052]\n",
      " [ 0.86452817 -0.21035261  0.45644586]] 0.9999999999999998\n",
      "[[-0.55081846  0.24512698  0.79781689]\n",
      " [ 0.72193856 -0.33973496  0.60281412]\n",
      " [ 0.41881229  0.90801593  0.01016566]] 1.0000000000000002\n",
      "[[ 0.23282766  0.69262104  0.68269128]\n",
      " [ 0.95441959 -0.02793458 -0.29715804]\n",
      " [-0.18674722  0.72076054 -0.66755503]] 0.9999999999999996\n",
      "[[ 0.6525477   0.7450978   0.13787953]\n",
      " [ 0.43779169 -0.51923567  0.73398417]\n",
      " [ 0.61848196 -0.41859717 -0.66502367]] 1.0\n",
      "[[ 0.85471742 -0.25030764 -0.45475731]\n",
      " [ 0.32749435 -0.41968484  0.84652944]\n",
      " [-0.40274753 -0.87247391 -0.2767376 ]] 1.0000000000000002\n",
      "[[ 0.22354612 -0.53672682  0.81360399]\n",
      " [-0.75052059  0.43779964  0.49502557]\n",
      " [-0.62188904 -0.72128759 -0.30495612]] 1.0\n",
      "[[-0.6251509   0.73779439  0.25464837]\n",
      " [-0.15105293  0.20572656 -0.96688138]\n",
      " [-0.76574759 -0.64291215 -0.01716414]] 0.9999999999999994\n",
      "[[ 0.11884396  0.23176002  0.9654861 ]\n",
      " [ 0.48739993  0.83354536 -0.26008352]\n",
      " [-0.86505342  0.50148721 -0.01389799]] 0.9999999999999998\n",
      "[[ 0.34787715  0.47677282 -0.80726029]\n",
      " [ 0.44773362 -0.84099328 -0.3037514 ]\n",
      " [-0.82372089 -0.2557694  -0.50602956]] 1.0000000000000004\n",
      "[[ 0.93701612 -0.16770848 -0.30638971]\n",
      " [ 0.34893062  0.48901283  0.79944598]\n",
      " [ 0.01575463 -0.85600252  0.51673153]] 0.9999999999999999\n",
      "[[-0.17148676 -0.98337499  0.05971527]\n",
      " [ 0.96346408 -0.18005541 -0.19828517]\n",
      " [ 0.20574074  0.02353023  0.97832361]] 1.0000000000000002\n",
      "[[ 0.92773702  0.36004416 -0.09834743]\n",
      " [-0.15407207  0.1294359  -0.97954487]\n",
      " [-0.33994972  0.92391263  0.17555522]] 0.9999999999999997\n",
      "[[-0.45489757  0.14280911  0.87901863]\n",
      " [-0.43691815  0.82430708 -0.36002828]\n",
      " [-0.7759966  -0.54783518 -0.3125794 ]] 1.0\n",
      "[[ 0.5631772   0.82464546 -0.05283287]\n",
      " [ 0.81464574 -0.54335718  0.20276908]\n",
      " [ 0.13850548 -0.15723499 -0.97780028]] 1.0\n",
      "[[-0.17854987 -0.98275014 -0.04818828]\n",
      " [ 0.82865831 -0.17659916  0.53116677]\n",
      " [-0.53051423  0.05490814  0.84589583]] 1.0\n",
      "[[ 0.69782123 -0.21124994  0.68441142]\n",
      " [-0.26527411  0.81135078  0.52090263]\n",
      " [-0.66533839 -0.54505355  0.51013866]] 1.0000000000000002\n",
      "[[-0.04849312 -0.76274466  0.64487906]\n",
      " [-0.26472297  0.63236449  0.72803634]\n",
      " [-0.96310444 -0.13540954 -0.23258136]] 1.0000000000000002\n",
      "[[-0.48003199 -0.22640238  0.84753245]\n",
      " [ 0.83039715 -0.42878664  0.35578447]\n",
      " [ 0.28286014  0.87457646  0.39383519]] 1.0\n",
      "[[ 0.02585241 -0.7451609   0.66638343]\n",
      " [-0.96934727  0.14424066  0.19889821]\n",
      " [-0.24433076 -0.65109896 -0.71859072]] 1.0\n",
      "[[-0.14130035 -0.86802935 -0.47598242]\n",
      " [-0.93002655 -0.04836832  0.36429538]\n",
      " [-0.33924155  0.49415135 -0.80045588]] 0.9999999999999999\n",
      "[[ 0.15182278 -0.94104185  0.30230794]\n",
      " [-0.48334109  0.19610433  0.85318491]\n",
      " [-0.86216659 -0.27565075 -0.42507109]] 0.9999999999999998\n",
      "[[-0.33034734  0.84826313 -0.41390856]\n",
      " [-0.2826048   0.32951679  0.90086248]\n",
      " [ 0.90055825  0.41457007  0.13086824]] 1.0\n",
      "[[-0.8463399  -0.39663005  0.35551848]\n",
      " [-0.08172716 -0.56285759 -0.8225035 ]\n",
      " [ 0.52633587 -0.72517304  0.44395339]] 0.9999999999999999\n",
      "[[ 0.19317122 -0.65751513  0.72825733]\n",
      " [-0.96730052 -0.25195881  0.02909396]\n",
      " [ 0.16436113 -0.71006381 -0.68468592]] 0.9999999999999996\n",
      "[[-0.37495331 -0.91961351 -0.11713673]\n",
      " [-0.86585546  0.30225369  0.39866907]\n",
      " [-0.33121645  0.25090576 -0.9095834 ]] 0.9999999999999999\n",
      "[[-0.02467926  0.14348367 -0.98934492]\n",
      " [ 0.97819936 -0.20065767 -0.05350241]\n",
      " [-0.20619636 -0.96909697 -0.13540356]] 0.9999999999999996\n",
      "[[-0.97227715 -0.11394748  0.20418892]\n",
      " [ 0.11771082 -0.99302768  0.00633989]\n",
      " [ 0.20204284  0.03019938  0.97891097]] 1.0\n",
      "[[ 0.54327647 -0.39370313 -0.74151771]\n",
      " [ 0.83156672  0.37388342  0.41074077]\n",
      " [ 0.11553125 -0.83976725  0.53051249]] 1.0000000000000004\n",
      "[[ 0.5073618  -0.62728624  0.59084345]\n",
      " [ 0.78176589  0.62350195 -0.00934928]\n",
      " [-0.36252737  0.46664472  0.80673206]] 0.9999999999999994\n",
      "[[ 0.99950113  0.02076221 -0.02379965]\n",
      " [-0.02893389  0.29983555 -0.95355203]\n",
      " [-0.01266187  0.95376495  0.3002867 ]] 0.9999999999999996\n",
      "[[-0.25479176  0.57251318  0.77930085]\n",
      " [-0.90855134  0.13419264 -0.39563469]\n",
      " [-0.33108251 -0.80883929  0.48596643]] 1.0\n",
      "[[-0.08577126 -0.39412681 -0.915045  ]\n",
      " [ 0.26347543  0.87676017 -0.40233356]\n",
      " [ 0.96084546 -0.27560053  0.0286419 ]] 0.9999999999999997\n",
      "[[-0.18464431  0.92875751  0.32142801]\n",
      " [ 0.94687797  0.08049109  0.31135719]\n",
      " [ 0.26330324  0.36184343 -0.89428224]] 1.0\n",
      "[[-0.10399363  0.97257157 -0.20806214]\n",
      " [-0.28949693  0.17053805  0.94186427]\n",
      " [ 0.95151293  0.15818124  0.26382161]] 1.0\n",
      "[[-0.75418002 -0.47795649 -0.4503    ]\n",
      " [ 0.62923101 -0.32984941 -0.70375258]\n",
      " [ 0.18783192 -0.81409886  0.54951089]] 1.0\n",
      "[[ 0.00661326  0.26167033  0.96513466]\n",
      " [ 0.98269568  0.1769626  -0.05471224]\n",
      " [-0.18510931  0.94879549 -0.255972  ]] 0.9999999999999998\n",
      "[[-0.31455528 -0.24357293  0.91745692]\n",
      " [-0.35849084  0.92542422  0.12277754]\n",
      " [-0.87894214 -0.29027958 -0.37841574]] 1.0000000000000002\n",
      "[[-0.23678024 -0.86784974  0.43677448]\n",
      " [ 0.62686667 -0.47992889 -0.61376416]\n",
      " [ 0.74227575  0.12847214  0.65766376]] 0.9999999999999998\n",
      "[[ 0.15826101 -0.96436497  0.21202279]\n",
      " [ 0.49209233  0.2631952   0.82980325]\n",
      " [-0.85603656 -0.02699071  0.51621014]] 1.0000000000000002\n",
      "[[ 0.55093502 -0.53278701  0.64234617]\n",
      " [ 0.83304929  0.39720239 -0.38504434]\n",
      " [-0.04999481  0.74724044  0.66267054]] 1.0\n",
      "[[ 0.29104134  0.57237614 -0.76660322]\n",
      " [-0.87931525 -0.15568611 -0.45007391]\n",
      " [-0.37696104  0.80507602  0.45798797]] 0.9999999999999998\n",
      "[[-0.99600978  0.07574113 -0.04719947]\n",
      " [-0.07813292 -0.48449817  0.87129603]\n",
      " [ 0.04312489  0.8715072   0.48848279]] 1.0\n",
      "[[ 0.92788725 -0.0409671  -0.3706035 ]\n",
      " [ 0.30749771 -0.47807167  0.82273485]\n",
      " [-0.21088009 -0.8773649  -0.43099932]] 0.9999999999999999\n",
      "[[ 0.03661072 -0.99573412 -0.08469487]\n",
      " [ 0.96814597  0.01433399  0.24997584]\n",
      " [-0.24769546 -0.09114879  0.96454075]] 1.0000000000000004\n",
      "[[ 0.8231402  -0.34040859 -0.45449114]\n",
      " [ 0.3157235   0.93963068 -0.13195779]\n",
      " [ 0.47197339 -0.03487377  0.88092278]] 1.0\n",
      "[[ 0.46992727 -0.65436053  0.5924362 ]\n",
      " [ 0.67897295 -0.16092072 -0.71631016]\n",
      " [ 0.56406036  0.73886184  0.36867207]] 0.9999999999999997\n",
      "[[-0.04922982 -0.38737918  0.92060512]\n",
      " [-0.95789329 -0.24273458 -0.15336352]\n",
      " [ 0.28287253 -0.88939153 -0.35911814]] 1.0000000000000002\n",
      "[[-0.19189022 -0.96127329 -0.19781762]\n",
      " [-0.97685235  0.16766126  0.13285028]\n",
      " [-0.09453907  0.21873128 -0.97119462]] 1.0000000000000002\n",
      "[[-0.37136026  0.65404817 -0.65902394]\n",
      " [ 0.81954403  0.56449996  0.09842448]\n",
      " [ 0.43639334 -0.5035482  -0.74565412]] 0.9999999999999998\n",
      "[[ 0.8852088  -0.4637062   0.03717457]\n",
      " [ 0.04114731  0.15764681  0.98663792]\n",
      " [-0.46337057 -0.87185093  0.15863061]] 1.0\n",
      "[[-0.12596352  0.91073101  0.39332203]\n",
      " [-0.98905448 -0.1460028   0.02131713]\n",
      " [ 0.07684029 -0.38633174  0.91915361]] 1.0000000000000002\n",
      "[[ 0.94159358 -0.33035543 -0.06532082]\n",
      " [ 0.20185035  0.70894111 -0.67576545]\n",
      " [ 0.2695514   0.62311138  0.73421676]] 1.0\n",
      "[[ 0.87560593  0.22881243  0.42539292]\n",
      " [ 0.45507348 -0.09552984 -0.88531474]\n",
      " [-0.1619333   0.96877186 -0.18777296]] 1.0\n",
      "[[-0.58632265 -0.2690721   0.76408504]\n",
      " [-0.60279154 -0.48520479 -0.63341825]\n",
      " [ 0.5411729  -0.83197147  0.12229217]] 1.0\n",
      "[[ 0.4263724   0.5966571  -0.67985799]\n",
      " [-0.88530913  0.12107359 -0.44896429]\n",
      " [-0.18556489  0.79331046  0.57984841]] 1.0000000000000002\n",
      "[[ 0.05810116 -0.08638488 -0.99456619]\n",
      " [-0.93449893  0.34576084 -0.08462381]\n",
      " [ 0.35119226  0.93433778 -0.06063747]] 0.9999999999999998\n",
      "[[ 0.60060601  0.0077568  -0.79950751]\n",
      " [ 0.26569949  0.94118835  0.20873015]\n",
      " [ 0.75410623 -0.33779332  0.5632224 ]] 0.9999999999999998\n",
      "[[ 0.57398802 -0.81041045 -0.11735697]\n",
      " [ 0.34283481  0.10768013  0.93320377]\n",
      " [-0.74364107 -0.57588184  0.33964402]] 1.0000000000000004\n",
      "[[ 0.91055798 -0.33456833 -0.24279248]\n",
      " [ 0.41323351  0.75240006  0.51296415]\n",
      " [ 0.01105552 -0.56741359  0.82335873]] 1.0\n",
      "[[-0.33734625  0.59287406  0.73123037]\n",
      " [-0.00215922 -0.77724903  0.62918938]\n",
      " [ 0.94137816  0.21067579  0.26348219]] 0.9999999999999998\n",
      "[[-0.44320177 -0.75443792 -0.48414422]\n",
      " [-0.68632059 -0.06185206  0.72466431]\n",
      " [-0.57665955  0.65345065 -0.49037333]] 0.9999999999999997\n",
      "[[ 0.35932089  0.90396432 -0.23181244]\n",
      " [ 0.93312224 -0.34453984  0.10283567]\n",
      " [ 0.01309116 -0.25326035 -0.96730958]] 1.0\n",
      "[[-0.76531786 -0.19260013  0.61416102]\n",
      " [ 0.64321203 -0.26414455  0.71868348]\n",
      " [ 0.02380876  0.94505706  0.32603727]] 0.9999999999999997\n",
      "[[-0.17362288 -0.32849263  0.92841138]\n",
      " [ 0.33165272 -0.90716585 -0.25895287]\n",
      " [ 0.92728721  0.26295002  0.26645022]] 1.0000000000000004\n",
      "[[ 0.91465939 -0.33124812 -0.23167408]\n",
      " [-0.3018572  -0.17852604 -0.93648849]\n",
      " [ 0.2688502   0.92650048 -0.26328015]] 0.9999999999999997\n",
      "[[ 0.70771879 -0.31008095 -0.63481015]\n",
      " [-0.49200262  0.42852275 -0.75782694]\n",
      " [ 0.50701829  0.84865662  0.15071296]] 1.0000000000000007\n",
      "[[-0.73056199 -0.57737781  0.36457378]\n",
      " [ 0.64814162 -0.41828533  0.63635668]\n",
      " [-0.21492236  0.70119344  0.67980596]] 1.0000000000000002\n",
      "[[ 0.92324784 -0.35270737 -0.15235134]\n",
      " [ 0.02405223 -0.34269948  0.93913713]\n",
      " [-0.38345132 -0.87072072 -0.30791316]] 1.0\n",
      "[[-0.40269302  0.73363889  0.54736854]\n",
      " [-0.91163636 -0.2677486  -0.31181699]\n",
      " [-0.08220391 -0.62456759  0.77663238]] 1.0000000000000004\n",
      "[[ 0.11151701  0.52728523 -0.84233855]\n",
      " [-0.01561611  0.84845075  0.52904392]\n",
      " [ 0.99363982 -0.04584335  0.10285083]] 0.9999999999999999\n",
      "[[ 0.92970163 -0.35136402  0.11044549]\n",
      " [ 0.18924866  0.19846479 -0.96166349]\n",
      " [ 0.31597441  0.91496178  0.25100821]] 1.0\n",
      "[[-0.71272812  0.23600593 -0.6605451 ]\n",
      " [-0.37159921  0.67165564  0.64093114]\n",
      " [ 0.59492239  0.70226768 -0.39100825]] 1.0\n",
      "[[ 0.3569605  -0.1292167  -0.92513904]\n",
      " [ 0.18540751 -0.96088086  0.20574746]\n",
      " [-0.91553441 -0.24497144 -0.31903877]] 0.9999999999999998\n",
      "[[ 0.80218476 -0.58991726  0.09218045]\n",
      " [-0.55862975 -0.79603722 -0.2329325 ]\n",
      " [ 0.21078997  0.13536016 -0.96811426]] 0.9999999999999994\n",
      "[[ 0.01863784  0.91050551  0.41307667]\n",
      " [ 0.19892043  0.40151221 -0.89399027]\n",
      " [-0.9798384   0.09883144 -0.17363483]] 1.0\n",
      "[[ 0.80863794  0.26107947  0.52720222]\n",
      " [ 0.08671265  0.83345402 -0.54574291]\n",
      " [-0.58188108  0.48702352  0.65132365]] 1.0000000000000004\n",
      "[[-0.22719988  0.63642953  0.73711442]\n",
      " [-0.21093484 -0.77110103  0.6007576 ]\n",
      " [ 0.95072957 -0.01899105  0.30943922]] 1.0\n",
      "[[-0.60344646  0.79546412 -0.05558058]\n",
      " [ 0.7420156   0.53464091 -0.40444028]\n",
      " [-0.29200208 -0.28529971 -0.91287396]] 0.9999999999999997\n",
      "[[-0.69558219  0.70861721 -0.11843594]\n",
      " [-0.34907903 -0.47742893 -0.80635318]\n",
      " [-0.62794048 -0.51954141  0.57945447]] 1.0\n",
      "[[ 0.81744631  0.34546639  0.46090618]\n",
      " [ 0.28801135  0.44782235 -0.84646595]\n",
      " [-0.49882963  0.82468667  0.26657249]] 0.9999999999999997\n",
      "[[ 0.846178    0.43232234  0.31157694]\n",
      " [-0.37793537  0.89905172 -0.22106754]\n",
      " [-0.37569622  0.06930654  0.92414769]] 0.9999999999999998\n",
      "[[ 0.78502577 -0.07864754 -0.61445025]\n",
      " [-0.61898632 -0.06068107 -0.78305411]\n",
      " [ 0.02429978  0.99505395 -0.09631795]] 1.0000000000000002\n",
      "[[ 0.3255478  -0.9451766   0.0256871 ]\n",
      " [-0.71094625 -0.22678056  0.66567711]\n",
      " [-0.62335709 -0.23497186 -0.74579767]] 0.9999999999999999\n",
      "[[-0.92385102  0.28972766 -0.25011433]\n",
      " [-0.0432739  -0.72833747 -0.68385078]\n",
      " [-0.38029813 -0.62095282  0.68541296]] 1.0\n",
      "[[-0.61820214  0.75899957 -0.2043178 ]\n",
      " [ 0.25279258  0.43811607  0.86264142]\n",
      " [ 0.74425938  0.48163675 -0.46271375]] 1.0000000000000004\n",
      "[[-0.21573121 -0.6409774  -0.73661932]\n",
      " [-0.60446857 -0.50479345  0.61628023]\n",
      " [-0.7668623   0.57821411 -0.27855098]] 0.9999999999999998\n",
      "[[-0.63385248 -0.58724461  0.50336348]\n",
      " [-0.63572936  0.02487568 -0.77151111]\n",
      " [ 0.44054423 -0.80902717 -0.38909615]] 0.9999999999999998\n",
      "[[-0.39473829  0.40052851  0.82689697]\n",
      " [-0.88496836 -0.40769271 -0.2249837 ]\n",
      " [ 0.24700748 -0.82058733  0.51538698]] 0.9999999999999998\n",
      "[[-0.73455519 -0.4506396  -0.50729934]\n",
      " [ 0.67141988 -0.37462058 -0.63941752]\n",
      " [ 0.09810208 -0.81029832  0.57774788]] 1.0000000000000002\n",
      "[[ 0.27941489 -0.00693746  0.9601454 ]\n",
      " [ 0.37205539  0.92263259 -0.10160658]\n",
      " [-0.88515654  0.38561767  0.2603784 ]] 0.9999999999999998\n",
      "[[ 0.8533552  -0.1125467  -0.50903649]\n",
      " [-0.4885478  -0.51342315 -0.70549111]\n",
      " [-0.18195042  0.85072317 -0.49311676]] 1.0000000000000004\n",
      "[[-0.29042809  0.57650412 -0.76373721]\n",
      " [-0.3767641  -0.80256275 -0.46253849]\n",
      " [-0.87960238  0.15341459  0.45029282]] 1.0000000000000002\n",
      "[[ 0.926258    0.32411324  0.19234535]\n",
      " [-0.24365199  0.12559437  0.96169629]\n",
      " [ 0.28754101 -0.93764421  0.19530363]] 1.0\n",
      "[[-0.07161772  0.75388658 -0.65308952]\n",
      " [-0.09958078  0.64609525  0.75673284]\n",
      " [ 0.99244877  0.11923065  0.02880074]] 1.0\n",
      "[[-0.48410916 -0.78638368  0.38371738]\n",
      " [-0.5484245  -0.06901523 -0.83334714]\n",
      " [ 0.68181294 -0.613871   -0.39786117]] 1.0000000000000002\n",
      "[[-0.80512947 -0.37668269 -0.458123  ]\n",
      " [-0.14962235 -0.61844128  0.77145546]\n",
      " [-0.57391609  0.68966697  0.44156516]] 0.9999999999999999\n",
      "[[ 0.71235038  0.69967878  0.05483181]\n",
      " [-0.14953526  0.22764774 -0.96219318]\n",
      " [-0.68570849  0.67721939  0.2667916 ]] 1.0000000000000002\n",
      "[[-0.10669402 -0.98028602  0.16630002]\n",
      " [-0.73324702 -0.03538908 -0.67904081]\n",
      " [ 0.67153942 -0.19438859 -0.71501601]] 1.0\n",
      "[[-0.14713483 -0.98773023  0.0523481 ]\n",
      " [ 0.27336646 -0.09147002 -0.95755105]\n",
      " [ 0.95059041 -0.1265789   0.28347074]] 0.9999999999999998\n",
      "[[-0.58967995 -0.80286303  0.08768419]\n",
      " [-0.75800949  0.5876451   0.28301032]\n",
      " [-0.27874571  0.10042007 -0.95510033]] 1.0000000000000002\n",
      "[[ 0.56950441  0.61678499 -0.54336085]\n",
      " [-0.61550408 -0.11814459 -0.7792282 ]\n",
      " [-0.5448114   0.77821471  0.31234981]] 1.0\n",
      "[[-0.68875476 -0.32139629 -0.64986253]\n",
      " [ 0.62726583 -0.71363474 -0.31187023]\n",
      " [-0.36353054 -0.62243866  0.69312023]] 1.0000000000000004\n",
      "[[ 0.9970691  -0.05928126 -0.04836256]\n",
      " [-0.04435293 -0.96296221  0.26596354]\n",
      " [-0.06233797 -0.26303901 -0.96276916]] 1.0\n",
      "[[ 0.23016103 -0.81555137 -0.53094432]\n",
      " [ 0.08426474 -0.52684092  0.84577662]\n",
      " [-0.96949747 -0.23940471 -0.05253603]] 0.9999999999999991\n",
      "[[ 0.80045281 -0.02064683  0.59904008]\n",
      " [-0.27792732  0.87269263  0.40145233]\n",
      " [-0.53106658 -0.48783325  0.69281095]] 1.0000000000000002\n",
      "[[ 0.32059245  0.31688113  0.89264037]\n",
      " [-0.24959752  0.93733719 -0.24310506]\n",
      " [-0.91374042 -0.14486317  0.37959597]] 0.9999999999999998\n",
      "[[ 0.02101505  0.05387502 -0.99832652]\n",
      " [-0.82211523  0.56916319  0.01340932]\n",
      " [ 0.56893314  0.82045764  0.05625247]] 1.0\n",
      "[[-0.82037112 -0.37487831  0.43180723]\n",
      " [-0.55739261  0.69285521 -0.45745507]\n",
      " [-0.12768991 -0.61596909 -0.7773528 ]] 1.0000000000000002\n",
      "[[-0.63382046  0.20985353  0.74446835]\n",
      " [ 0.70351948 -0.24359632  0.66762353]\n",
      " [ 0.32145291  0.94690143  0.00676029]] 1.0000000000000004\n",
      "[[-0.94817824 -0.08881758 -0.30507288]\n",
      " [-0.01141594  0.96903973 -0.2466408 ]\n",
      " [ 0.31753378 -0.23037674 -0.91983632]] 1.0\n",
      "[[-0.07127364  0.89435149 -0.44165086]\n",
      " [-0.36325064  0.3890982   0.84655275]\n",
      " [ 0.92896127  0.22076686  0.29714131]] 1.0000000000000007\n",
      "[[-0.85302496 -0.45148159  0.2617495 ]\n",
      " [ 0.52052406 -0.77206819  0.36464422]\n",
      " [ 0.03745831  0.44729753  0.89360047]] 1.0\n",
      "[[-0.53753628 -0.83610476 -0.10946954]\n",
      " [ 0.41859854 -0.15188897 -0.89537981]\n",
      " [ 0.73200411 -0.52712292  0.43163807]] 0.9999999999999999\n",
      "[[-0.93251088  0.110409    0.3438507 ]\n",
      " [ 0.17980047 -0.68379395  0.70717581]\n",
      " [ 0.3132016   0.72127366  0.61779371]] 0.9999999999999999\n",
      "[[ 0.75664833  0.63966514  0.13532116]\n",
      " [-0.07427794  0.28972781 -0.9542225 ]\n",
      " [-0.64958917  0.71195949  0.26673507]] 0.9999999999999999\n",
      "[[-0.24614228 -0.93781203 -0.24479087]\n",
      " [-0.24098452  0.30384552 -0.92173986]\n",
      " [ 0.93879734 -0.16788834 -0.30078741]] 0.9999999999999994\n",
      "[[ 0.70417435  0.24416976 -0.66672304]\n",
      " [ 0.34720962  0.7006621   0.6233122 ]\n",
      " [ 0.61934156 -0.67041312  0.40861018]] 1.0000000000000002\n",
      "[[ 0.92485511 -0.34191222  0.16655047]\n",
      " [ 0.35750709  0.93097056 -0.07404393]\n",
      " [-0.12973706  0.12802288  0.98324892]] 1.0\n",
      "[[ 0.08876498  0.14548321  0.9853707 ]\n",
      " [-0.80705625 -0.5692878   0.15675334]\n",
      " [ 0.58376449 -0.80916379  0.06688031]] 0.9999999999999998\n",
      "[[-0.6182832   0.41075607 -0.67007861]\n",
      " [ 0.7628348   0.1083516  -0.63745038]\n",
      " [-0.18923253 -0.90528414 -0.380331  ]] 1.0000000000000004\n",
      "[[-0.76880981  0.57216684  0.28558114]\n",
      " [-0.63871403 -0.66524859 -0.38663768]\n",
      " [-0.03123881 -0.47965552  0.87690063]] 0.9999999999999999\n",
      "[[-0.96835515  0.20239811 -0.14602501]\n",
      " [-0.01067069  0.55098091  0.83444962]\n",
      " [ 0.24934802  0.80960178 -0.53138548]] 0.9999999999999996\n",
      "[[-0.24903999  0.84774416 -0.4683043 ]\n",
      " [-0.73998673 -0.4785107  -0.47270197]\n",
      " [-0.62481895  0.22881727  0.74648773]] 1.0\n",
      "[[ 0.35889231  0.93293821 -0.02868103]\n",
      " [ 0.36392897 -0.16816396 -0.9161204 ]\n",
      " [-0.85950685  0.31835071 -0.39987599]] 1.0000000000000004\n",
      "[[ 0.99946591  0.00227508 -0.03259924]\n",
      " [-0.00350034 -0.98438095 -0.17601676]\n",
      " [-0.03249053  0.17603686 -0.98384724]] 0.9999999999999998\n",
      "[[ 0.55052032  0.18858189 -0.81324304]\n",
      " [ 0.0202209  -0.97687811 -0.21283859]\n",
      " [-0.83457683  0.10072746 -0.54160455]] 1.0\n",
      "[[ 0.37876129  0.35236163  0.85579271]\n",
      " [-0.0566077  -0.91413549  0.40143726]\n",
      " [ 0.92376158 -0.20049335 -0.32629275]] 1.0000000000000002\n",
      "[[ 0.17884599 -0.65262373 -0.73627194]\n",
      " [-0.94616874  0.09110626 -0.31058714]\n",
      " [ 0.26977552  0.75218476 -0.60119818]] 0.9999999999999998\n",
      "[[-0.24131815 -0.89838524  0.36697345]\n",
      " [-0.6561017  -0.12759397 -0.743808  ]\n",
      " [ 0.71504972 -0.42026628 -0.55864134]] 1.0\n",
      "[[-0.59381796  0.58229742 -0.55525665]\n",
      " [ 0.63230326 -0.08903633 -0.76958763]\n",
      " [-0.4975669  -0.80808554 -0.31531719]] 0.9999999999999996\n",
      "[[-0.4798014  -0.38661347 -0.78760437]\n",
      " [-0.85713567  0.01483522  0.51487704]\n",
      " [-0.18737412  0.92212252 -0.33849815]] 1.0000000000000007\n",
      "[[-0.77400734 -0.62737675 -0.08550462]\n",
      " [-0.49746162  0.51899242  0.69511064]\n",
      " [-0.39172001  0.58055601 -0.7137998 ]] 1.0000000000000002\n",
      "[[-0.14308249 -0.96050198  0.23866997]\n",
      " [ 0.96637824 -0.18764041 -0.1757958 ]\n",
      " [ 0.21363635  0.20549217  0.95505627]] 0.9999999999999998\n",
      "[[ 0.64659882  0.30482933 -0.69927752]\n",
      " [-0.72006065 -0.05873658 -0.69142076]\n",
