{
 "cells": [
  {
   "cell_type": "markdown",
   "id": "3a0bf994",
   "metadata": {},
   "source": [
    "Consider different random orthogonal matrices. Fix eigenvalue (eg assuming two to be the same) and consider the error in the approximation of dR by dC and dE.\n",
    "\n",
    "See details on random orthogonal matrices from Nick Higham https://nhigham.com/2020/04/22/what-is-a-random-orthogonal-matrix/"
   ]
  },
  {
   "cell_type": "code",
   "execution_count": 12,
   "id": "6dfdc6c6",
   "metadata": {},
   "outputs": [],
   "source": [
    "from time import time\n",
    "import numpy as np\n",
    "import os\n",
    "import sys\n",
    "from matplotlib import pyplot as plt\n",
    "from scipy.stats import ortho_group\n",
    "# include the src path\n",
    "sys.path.insert(0, \"src\")\n",
    "from EigenValueDecomposition import *\n",
    "from MinMaxthetafromQRQI import *\n",
    "from SortEigenValues import *\n",
    "from AnglesSortedQRQI import *\n",
    "from SplitTensor import *\n",
    "from Fmeasure import *\n",
    "from Commeasure import *"
   ]
  },
  {
   "cell_type": "code",
   "execution_count": 13,
   "id": "cd011bbd",
   "metadata": {},
   "outputs": [],
   "source": [
    "# Fix number of cases to be considered and fix some eigenvalues.\n",
    "N=1000\n",
    "uR=[2,1,1]\n",
    "uRtilde=uR\n",
    "uI=[3,2,2]\n",
    "MultR=[1,2,2]\n",
    "MultI=[1,2,2]\n",
    "MultRtilde=[1,2,2]\n",
    "\n",
    "N0=np.zeros((3,3))\n",
    "Rstore=np.zeros((N,9))\n",
    "Istore=np.zeros((N,9))\n",
    "Mlist=np.zeros(9, dtype=complex)\n",
    "TensorArray=np.zeros((N,9),dtype=complex)\n",
    "Frequencies=np.zeros(N)\n",
    "URstore=np.zeros((N,3))\n",
    "UIstore=np.zeros((N,3))\n",
    "URtildestore=np.zeros((N,3))\n",
    "QRstore=np.zeros((N,3,3))\n",
    "QIstore=np.zeros((N,3,3))\n",
    "QRtildestore=np.zeros((N,3,3))\n",
    "MultRstore=np.zeros(N)\n",
    "MultIstore=np.zeros(N)\n",
    "MultRtildestore=np.zeros(N)\n"
   ]
  },
  {
   "cell_type": "code",
   "execution_count": 14,
   "id": "4b31aaf9",
   "metadata": {
    "scrolled": false
   },
   "outputs": [
    {
     "name": "stdout",
     "output_type": "stream",
     "text": [
      "[[ 0.95422018 -0.25838597  0.15066697]\n",
      " [-0.23327928 -0.95817294 -0.1657872 ]\n",
      " [ 0.1872021   0.12305001 -0.97458405]] 1.0000000000000002\n",
      "[[-0.98333623 -0.16087732  0.08466611]\n",
      " [-0.02904581  0.59876797  0.80039569]\n",
      " [-0.17946087  0.78459889 -0.59346304]] 1.0\n",
      "[[-0.44931611 -0.75168455 -0.48278915]\n",
      " [-0.6512545   0.64552441 -0.39895591]\n",
      " [ 0.61154118  0.13516129 -0.77958246]] 0.9999999999999998\n",
      "[[ 0.92744833 -0.23566561  0.2903469 ]\n",
      " [-0.29254385  0.02639231  0.95588783]\n",
      " [-0.23293282 -0.97147577 -0.04446502]] 0.9999999999999999\n",
      "[[-0.35426393  0.69652869  0.62397504]\n",
      " [-0.74223124  0.19645426 -0.64070157]\n",
      " [-0.56884958 -0.69011123  0.44738869]] 1.0\n",
      "[[-0.49345445 -0.6153703  -0.61467234]\n",
      " [-0.4308296   0.78684918 -0.4418758 ]\n",
      " [ 0.75557167  0.04677346 -0.65339398]] 0.9999999999999997\n",
      "[[-0.81921229 -0.56559816 -0.09481531]\n",
      " [ 0.48855536 -0.77486597  0.40111891]\n",
      " [-0.30034127  0.28227902  0.91110574]] 1.0\n",
      "[[-0.99789278 -0.0522428   0.03847971]\n",
      " [ 0.06428477 -0.71559632  0.69554969]\n",
      " [-0.00880152  0.69655767  0.71744682]] 0.9999999999999996\n",
      "[[-0.31458854 -0.94418125 -0.09775381]\n",
      " [-0.9488439   0.30985941  0.06068283]\n",
      " [-0.02700565  0.11184323 -0.99335884]] 1.0000000000000004\n",
      "[[-0.69894573 -0.59688948 -0.39395154]\n",
      " [-0.56495448  0.12305384  0.81589471]\n",
      " [-0.43852173  0.79283081 -0.42322335]] 1.0000000000000002\n",
      "[[-0.33142774  0.75197592 -0.56981389]\n",
      " [ 0.18695487 -0.53962929 -0.82088252]\n",
      " [-0.92477215 -0.37859272  0.03826256]] 1.0000000000000002\n",
      "[[-0.93624823 -0.23024043  0.26538387]\n",
      " [-0.34361065  0.75760854 -0.55494235]\n",
      " [-0.07328692 -0.61075252 -0.78842272]] 0.9999999999999998\n",
      "[[ 0.31786607 -0.12007711  0.94050128]\n",
      " [ 0.94665835  0.09554521 -0.30774841]\n",
      " [-0.05290685  0.98815616  0.14404258]] 1.0000000000000002\n",
      "[[-0.65780491 -0.25126069 -0.71004279]\n",
      " [ 0.7462046  -0.08932691 -0.65969644]\n",
      " [ 0.10232985 -0.96378876  0.24625156]] 0.9999999999999998\n",
      "[[ 0.25001655  0.79964117  0.54595396]\n",
      " [ 0.45708309  0.3996019  -0.79460265]\n",
      " [-0.85356123  0.44821013 -0.26559537]] 1.0\n",
      "[[ 0.0465983   0.37395096 -0.92627711]\n",
      " [ 0.03025782 -0.92738731 -0.37287698]\n",
      " [-0.99845534 -0.01065169 -0.05452962]] 1.0000000000000002\n",
      "[[ 0.80762667  0.58879135 -0.03261753]\n",
      " [-0.45984581  0.5941993  -0.65990077]\n",
      " [-0.36916256  0.5479525   0.75064444]] 0.9999999999999999\n",
      "[[-0.29084295 -0.49438383  0.81914285]\n",
      " [-0.22748856  0.86733384  0.44269736]\n",
      " [-0.92933274 -0.05759023 -0.3647246 ]] 1.0000000000000004\n",
      "[[-0.61894627  0.38727412  0.68331858]\n",
      " [ 0.45932837  0.88418463 -0.08505877]\n",
      " [-0.63712084  0.2612208  -0.72514876]] 1.0000000000000002\n",
      "[[ 0.20703119 -0.97746378 -0.04126311]\n",
      " [-0.97831583 -0.20710251 -0.00258556]\n",
      " [-0.00601841  0.04090365 -0.99914497]] 0.9999999999999999\n",
      "[[ 0.83471494  0.18140954 -0.5199438 ]\n",
      " [-0.40171475  0.84640846 -0.34959688]\n",
      " [ 0.37666462  0.50068283  0.77938467]] 1.0000000000000002\n",
      "[[-0.25003225  0.9676332   0.03420338]\n",
      " [ 0.40569289  0.13677344 -0.90371805]\n",
      " [-0.87914569 -0.21208259 -0.42675968]] 0.9999999999999999\n",
      "[[-0.38768602 -0.66543714  0.63788162]\n",
      " [-0.74611451  0.63289732  0.20677069]\n",
      " [-0.54130646 -0.39577063 -0.74185775]] 1.0\n",
      "[[-0.65733287  0.68321324 -0.31801439]\n",
      " [ 0.60155593  0.22152068 -0.76750182]\n",
      " [-0.45392065 -0.69580763 -0.5566038 ]] 1.0\n",
      "[[ 0.75252062  0.03116789 -0.65783074]\n",
      " [ 0.28516133 -0.91580414  0.28281758]\n",
      " [-0.59362929 -0.40041395 -0.69804938]] 0.9999999999999999\n",
      "[[ 0.20785668 -0.25581785 -0.94411484]\n",
      " [ 0.83065665  0.55584938  0.03226444]\n",
      " [ 0.51653183 -0.79094165  0.3280338 ]] 1.0000000000000002\n",
      "[[-0.99916056 -0.02827819 -0.02963972]\n",
      " [ 0.0377717  -0.9160208  -0.39934847]\n",
      " [-0.01585774 -0.40013278  0.91631997]] 1.0\n",
      "[[-0.77057998  0.61988226 -0.14816368]\n",
      " [-0.58900733 -0.60382414  0.53709102]\n",
      " [ 0.24346839  0.50114108  0.83040999]] 0.9999999999999999\n",
      "[[ 0.97984263 -0.00272418  0.19975236]\n",
      " [-0.19040375 -0.31532994  0.92968459]\n",
      " [ 0.06045527 -0.94897819 -0.30949241]] 0.9999999999999999\n",
      "[[ 0.22363411  0.97048308  0.0902794 ]\n",
      " [-0.74494616  0.22991959 -0.6262525 ]\n",
      " [-0.62852446  0.07279813  0.77437551]] 1.0\n",
      "[[-0.13937668  0.96243069 -0.23302642]\n",
      " [ 0.65474897  0.26610949  0.70745284]\n",
      " [ 0.74288486 -0.05397138 -0.66723996]] 1.0\n",
      "[[ 0.74223321  0.38934335 -0.54543709]\n",
      " [-0.59083662 -0.00387888 -0.80678191]\n",
      " [-0.31623085  0.92108453  0.22715927]] 1.0\n",
      "[[ 0.06134133  0.95201032 -0.29985596]\n",
      " [-0.92797448 -0.05623529 -0.3683761 ]\n",
      " [-0.36756033  0.30085536  0.87999174]] 1.0000000000000002\n",
      "[[ 0.42152391  0.46333603 -0.77951095]\n",
      " [-0.87203227  0.44291735 -0.20828813]\n",
      " [ 0.24875153  0.76755713  0.59074422]] 0.9999999999999998\n",
      "[[-0.47141462 -0.51789203 -0.71383199]\n",
      " [ 0.06472127 -0.8275478   0.55765203]\n",
      " [-0.87953364  0.2166852   0.42363676]] 0.9999999999999998\n",
      "[[ 0.39386692 -0.69441555  0.60220917]\n",
      " [ 0.90440944  0.4097145  -0.11906966]\n",
      " [-0.16405001  0.59154126  0.78940897]] 1.0\n",
      "[[-0.26795489  0.83296493 -0.48411735]\n",
      " [-0.28354194 -0.54841938 -0.78666394]\n",
      " [-0.9207628  -0.07352288  0.38313215]] 1.0000000000000004\n",
      "[[ 0.53439628  0.67334085 -0.51091361]\n",
      " [-0.06106219 -0.57212956 -0.81788702]\n",
      " [-0.84302552  0.46827329 -0.26462824]] 0.9999999999999998\n",
      "[[ 0.04335694  0.71360805 -0.69920221]\n",
      " [-0.82065428  0.42457895  0.38243857]\n",
      " [ 0.56977779  0.55722192  0.60403394]] 1.0000000000000002\n",
      "[[-0.53087013  0.81625515 -0.22782543]\n",
      " [ 0.57152175  0.54333753  0.61493675]\n",
      " [ 0.6257314   0.19624436 -0.75494924]] 1.0000000000000004\n",
      "[[ 0.01764778  0.99366699  0.11097061]\n",
      " [-0.9602068   0.04778413 -0.27517192]\n",
      " [-0.27873189 -0.10169856  0.95496908]] 1.0\n",
      "[[ 0.08338511 -0.49284379 -0.86611311]\n",
      " [-0.67390821 -0.66814934  0.31531602]\n",
      " [-0.73409444  0.55738808 -0.38784517]] 1.0\n",
      "[[ 0.01354461  0.15938522 -0.98712355]\n",
      " [-0.95572742  0.2922735   0.03407792]\n",
      " [ 0.29394157  0.94295947  0.15628756]] 1.0000000000000002\n",
      "[[-0.90339424  0.18551497 -0.38660451]\n",
      " [-0.14469599  0.7168142   0.68208538]\n",
      " [ 0.40366066  0.67213212 -0.62072255]] 0.9999999999999997\n",
      "[[ 0.36850966 -0.14210541 -0.91869836]\n",
      " [ 0.25104312  0.96674308 -0.04883824]\n",
      " [ 0.89508546 -0.21263554  0.39192875]] 1.0000000000000002\n",
      "[[ 0.38507291  0.53785609 -0.74995312]\n",
      " [ 0.87475679  0.04628095  0.482347  ]\n",
      " [ 0.29414181 -0.84176535 -0.45267173]] 0.9999999999999996\n",
      "[[ 0.76228572  0.64723673  0.00225667]\n",
      " [-0.63430808  0.74774337 -0.19629852]\n",
      " [-0.12873902  0.14820413  0.98054158]] 1.0000000000000002\n",
      "[[-0.74226994  0.64415272  0.18466894]\n",
      " [ 0.51939293  0.72717795 -0.44882425]\n",
      " [-0.42339854 -0.23723301 -0.8743307 ]] 1.0000000000000002\n",
      "[[-0.52002106 -0.02622859 -0.85375064]\n",
      " [-0.66907623  0.63383276  0.38806318]\n",
      " [ 0.53095677  0.77302529 -0.34715531]] 0.9999999999999999\n",
      "[[-0.44788131  0.39204214 -0.8035579 ]\n",
      " [ 0.80885979  0.56062931 -0.177315  ]\n",
      " [ 0.38098316 -0.72938175 -0.56820251]] 0.9999999999999997\n",
      "[[-0.6530737   0.2886317  -0.70013319]\n",
      " [ 0.39997183 -0.65358754 -0.64253083]\n",
      " [-0.64305309 -0.69965354  0.31139629]] 1.0\n",
      "[[-0.01834181  0.99685505  0.07709465]\n",
      " [-0.35665858 -0.07855824  0.93092602]\n",
      " [ 0.93405473 -0.0104216   0.35697781]] 0.9999999999999998\n",
      "[[ 0.46783756 -0.55956841  0.68411346]\n",
      " [-0.78328238  0.09603177  0.61420405]\n",
      " [-0.40938581 -0.82320174 -0.3933728 ]] 0.9999999999999996\n",
      "[[-0.03037215  0.59760039 -0.80121864]\n",
      " [ 0.34610169  0.75828831  0.55246036]\n",
      " [ 0.93770526 -0.26052372 -0.22986135]] 0.9999999999999996\n",
      "[[ 0.93569758 -0.35183576  0.02610811]\n",
      " [-0.31516817 -0.86684817 -0.38632017]\n",
      " [ 0.15855302  0.3532504  -0.92199517]] 1.0\n",
      "[[ 0.20901042  0.54492411 -0.81201747]\n",
      " [ 0.96742582 -0.23650121  0.09030208]\n",
      " [-0.14283533 -0.80444073 -0.57660487]] 0.9999999999999998\n",
      "[[ 0.64097102  0.01421243 -0.76743349]\n",
      " [-0.43669135 -0.81549218 -0.37983308]\n",
      " [-0.63123436  0.57859356 -0.51650041]] 1.0000000000000002\n",
      "[[ 0.75177372 -0.65746071 -0.0508104 ]\n",
      " [-0.16827427 -0.26577288  0.94923577]\n",
      " [-0.63758925 -0.70506042 -0.31043479]] 0.9999999999999997\n",
      "[[ 0.5646551   0.7721044   0.29158088]\n",
      " [-0.60050354  0.14198595  0.78691517]\n",
      " [ 0.56618028 -0.61943102  0.54382452]] 1.0000000000000007\n",
      "[[ 0.24531709  0.65304997  0.71648117]\n",
      " [-0.27073641  0.75580987 -0.59619899]\n",
      " [-0.93087127 -0.04771974  0.36221748]] 1.0\n",
      "[[-0.87429954  0.26716014 -0.40524779]\n",
      " [ 0.45889673  0.18291491 -0.86945726]\n",
      " [-0.15815846 -0.94613297 -0.28252133]] 1.0000000000000002\n",
      "[[ 0.12028658 -0.95331821 -0.27697567]\n",
      " [-0.20695374 -0.29695167  0.93219625]\n",
      " [-0.97092806 -0.05480955 -0.23301207]] 1.0000000000000002\n",
      "[[-0.26851517 -0.77377882 -0.57372985]\n",
      " [-0.62844108 -0.31067463  0.71312206]\n",
      " [-0.73004206  0.5520395  -0.40285355]] 0.9999999999999998\n",
      "[[ 0.7028906   0.53347357 -0.47047929]\n",
      " [-0.70591099  0.60442624 -0.36926764]\n",
      " [ 0.0873755   0.59167125  0.80143038]] 1.0\n",
      "[[-0.92276342 -0.34911192  0.1631825 ]\n",
      " [-0.02738578 -0.36297038 -0.93139816]\n",
      " [ 0.38439261 -0.86392903  0.32537509]] 1.0\n",
      "[[-0.31266518  0.23377237 -0.92064704]\n",
      " [ 0.6985634   0.71334495 -0.05610848]\n",
      " [ 0.6436223  -0.66067349 -0.38634294]] 0.9999999999999993\n",
      "[[-0.87182303  0.17061918  0.45914453]\n",
      " [-0.30487965  0.5446367  -0.78129333]\n",
      " [-0.38337059 -0.82113334 -0.4228085 ]] 1.0000000000000002\n",
      "[[-0.37240234 -0.9242037   0.08464049]\n",
      " [-0.91129901  0.38140851  0.15511822]\n",
      " [-0.17564344 -0.01936641 -0.98426334]] 1.0\n",
      "[[ 0.05140177  0.52530097 -0.84936255]\n",
      " [-0.99800651 -0.00416526 -0.06297348]\n",
      " [-0.03661784  0.8509063   0.52403969]] 1.0\n",
      "[[ 0.66782617  0.11639455  0.7351602 ]\n",
      " [-0.13329685  0.99043215 -0.03572252]\n",
      " [-0.7322842  -0.0741381   0.67695154]] 1.0000000000000002\n",
      "[[-0.93797522  0.02938231 -0.345455  ]\n",
      " [ 0.29184911 -0.47095466 -0.83248171]\n",
      " [-0.18715388 -0.88166796  0.4331686 ]] 1.0\n",
      "[[-0.32774194  0.21188989  0.92069968]\n",
      " [ 0.87987495 -0.2864828   0.37914071]\n",
      " [ 0.3441007   0.93436089 -0.09254418]] 1.0000000000000002\n",
      "[[ 0.89024395 -0.24230187 -0.38568836]\n",
      " [ 0.23463162 -0.48182248  0.84427194]\n",
      " [-0.39040199 -0.84210267 -0.37208787]] 1.0\n",
      "[[ 0.25063278  0.89830137 -0.36088482]\n",
      " [-0.25700692  0.4211483   0.86981697]\n",
      " [ 0.9333438  -0.12525475  0.33642324]] 0.9999999999999998\n",
      "[[-0.15758226  0.91503158 -0.37132876]\n",
      " [ 0.8827422  -0.03802582 -0.46831639]\n",
      " [-0.44264436 -0.40158592 -0.8017448 ]] 0.9999999999999994\n",
      "[[ 0.21419685  0.82431316  0.52404917]\n",
      " [ 0.95426854 -0.06204939 -0.29244047]\n",
      " [-0.2085456   0.56272346 -0.79990689]] 0.9999999999999998\n",
      "[[-0.12008586  0.11586449 -0.98597911]\n",
      " [ 0.94306312  0.32361881 -0.07682984]\n",
      " [ 0.31017954 -0.93906671 -0.14812957]] 0.9999999999999998\n",
      "[[ 0.77783177 -0.37728087 -0.50262997]\n",
      " [-0.61437861 -0.28804874 -0.73455214]\n",
      " [ 0.13235054  0.88016309 -0.45584676]] 0.9999999999999998\n",
      "[[-0.23617416  0.97039801  0.05049228]\n",
      " [ 0.96940713  0.23172009  0.08096681]\n",
      " [ 0.06686996  0.06806984 -0.99543704]] 0.9999999999999998\n",
      "[[-0.1964825  -0.82006642 -0.53748088]\n",
      " [-0.9717636   0.08982332  0.21819092]\n",
      " [-0.13065273  0.56517506 -0.8145594 ]] 1.0000000000000002\n",
      "[[ 0.58831671  0.14514138 -0.79549822]\n",
      " [-0.80514553  0.19637807 -0.5596216 ]\n",
      " [ 0.07499415  0.96972658  0.23239243]] 1.0000000000000002\n",
      "[[-1.49817748e-01  1.18468347e-01  9.81590492e-01]\n",
      " [ 6.21618037e-01  7.83320434e-01  3.36939977e-04]\n",
      " [-7.68859974e-01  6.10224834e-01 -1.90997364e-01]] 0.9999999999999999\n",
      "[[ 0.26277784  0.34945963 -0.89934742]\n",
      " [-0.95552393  0.22358271 -0.19231432]\n",
      " [ 0.13387245  0.90988392  0.39266962]] 1.0\n",
      "[[-0.71274362  0.0586065   0.69897197]\n",
      " [ 0.54724112  0.66982303  0.5018608 ]\n",
      " [-0.43877521  0.74020428 -0.50948398]] 1.0000000000000002\n",
      "[[-0.80992335  0.31880038  0.49233168]\n",
      " [-0.53071596 -0.04093684 -0.84656054]\n",
      " [-0.24972932 -0.94693743  0.20234815]] 0.9999999999999997\n",
      "[[ 7.25007952e-01  5.62773345e-01 -3.97051171e-01]\n",
      " [ 4.93215692e-01 -8.26610988e-01 -2.71021320e-01]\n",
      " [-4.80730435e-01  6.60744010e-04 -8.76868184e-01]] 1.0000000000000004\n",
      "[[ 0.9746825   0.12459702 -0.18565991]\n",
      " [ 0.18051499 -0.92847711  0.32456833]\n",
      " [-0.13194073 -0.34986547 -0.92746202]] 1.0000000000000002\n",
      "[[-0.18038715  0.09764589  0.97873682]\n",
      " [-0.88953546 -0.44083423 -0.11996598]\n",
      " [ 0.41974651 -0.89226143  0.16638031]] 1.0\n",
      "[[-0.76837497 -0.63040294  0.11041758]\n",
      " [-0.50993204  0.49878127 -0.70084703]\n",
      " [ 0.38674181 -0.59481878 -0.7047137 ]] 1.0000000000000002\n",
      "[[-0.49881583 -0.51719698 -0.69547829]\n",
      " [-0.84421156  0.10829659  0.52495589]\n",
      " [-0.19618767  0.84898712 -0.49064372]] 0.9999999999999997\n",
      "[[-0.27741292 -0.34965537  0.8948649 ]\n",
      " [-0.56087263  0.81516907  0.14464187]\n",
      " [-0.780041   -0.46177971 -0.42225056]] 1.0000000000000007\n",
      "[[ 0.32182541 -0.73181119 -0.60073354]\n",
      " [-0.16455281 -0.66806514  0.72567992]\n",
      " [-0.93238982 -0.13468985 -0.33542193]] 1.0000000000000009\n",
      "[[-0.85989005  0.43470206 -0.26762514]\n",
      " [-0.17453019  0.24231874  0.95436934]\n",
      " [ 0.47971691  0.86736137 -0.13249884]] 0.9999999999999998\n",
      "[[ 0.98736318 -0.15318676 -0.04059282]\n",
      " [-0.14374088 -0.75783756 -0.63641244]\n",
      " [ 0.0667272   0.63420505 -0.7702801 ]] 1.0000000000000002\n",
      "[[-0.21570419 -0.03733555  0.97574472]\n",
      " [-0.57442358  0.81292345 -0.09588023]\n",
      " [-0.78962602 -0.58117254 -0.19679741]] 1.0000000000000002\n",
      "[[ 0.89666404  0.00908337 -0.44261846]\n",
      " [ 0.32337742  0.66938726  0.66884059]\n",
      " [ 0.30235848 -0.74285812  0.59727813]] 1.0\n",
      "[[ 0.95936843  0.09215537  0.2666826 ]\n",
      " [-0.02756191  0.97124676 -0.23647427]\n",
      " [-0.28080698  0.21951567  0.93432345]] 0.9999999999999999\n",
      "[[ 0.75309084  0.19719016 -0.62767048]\n",
      " [ 0.45172156 -0.84859219  0.27538867]\n",
      " [-0.47833233 -0.49092498 -0.72814205]] 1.0\n",
      "[[-0.31374447 -0.9493699   0.01616153]\n",
      " [ 0.80973929 -0.27641131 -0.51760899]\n",
      " [ 0.49586962 -0.14931033  0.85546463]] 1.0\n",
      "[[-0.99777655  0.05432035 -0.03861676]\n",
      " [ 0.03376724 -0.08752332 -0.99559   ]\n",
      " [-0.05746066 -0.99468033  0.08549447]] 1.0000000000000002\n",
      "[[-0.71098711  0.68640398  0.15279696]\n",
      " [-0.00911779 -0.22626668  0.97402272]\n",
      " [ 0.70314593  0.69112443  0.16713118]] 1.0\n",
      "[[ 0.71302068  0.68998218  0.12460378]\n",
      " [ 0.56570986 -0.46114676 -0.68360516]\n",
      " [-0.41421475  0.5579142  -0.7191369 ]] 0.9999999999999996\n",
      "[[ 0.72018242 -0.27188935 -0.63828948]\n",
      " [ 0.2852407  -0.72262042  0.62964869]\n",
      " [-0.63243579 -0.63552805 -0.44286462]] 1.0\n",
      "[[-0.21115569 -0.7479108   0.62931925]\n",
      " [ 0.91091716 -0.38405037 -0.15078211]\n",
      " [ 0.35446186  0.5414192   0.7623792 ]] 0.9999999999999997\n",
      "[[-0.0575585   0.83104493  0.55321908]\n",
      " [-0.95960981  0.1067995  -0.26027462]\n",
      " [-0.27538342 -0.54585548  0.79133164]] 1.0000000000000007\n",
      "[[ 0.78920735  0.4861675   0.37522383]\n",
      " [ 0.42387161  0.01090439 -0.90565664]\n",
      " [-0.44439241  0.87379761 -0.19746678]] 0.9999999999999999\n",
      "[[ 0.12264621 -0.46383165  0.87739279]\n",
      " [ 0.17843172  0.87996688  0.44025039]\n",
      " [-0.97627866  0.10255966  0.19068689]] 1.0\n",
      "[[ 0.39646115  0.60364567 -0.69168668]\n",
      " [ 0.29507105 -0.79723891 -0.52663384]\n",
      " [-0.86933977  0.00469315 -0.49419261]] 1.0000000000000002\n",
      "[[-0.02266215  0.95962547  0.2803665 ]\n",
      " [ 0.41338911 -0.24634637  0.87659735]\n",
      " [ 0.91027242  0.13576604 -0.39111598]] 0.9999999999999996\n",
      "[[-0.21501684 -0.85423507 -0.47333942]\n",
      " [ 0.86639434 -0.39052274  0.31121187]\n",
      " [-0.4506979  -0.34318281  0.8240734 ]] 1.0000000000000004\n",
      "[[-0.25207985  0.40994899  0.8765829 ]\n",
      " [ 0.39687164 -0.78235673  0.4800113 ]\n",
      " [ 0.88258068  0.46889206  0.03451924]] 1.0000000000000002\n",
      "[[-0.79038229  0.60740975 -0.07968209]\n",
      " [-0.60802212 -0.79368943 -0.01913591]\n",
      " [-0.07486617  0.03332379  0.99663663]] 1.0\n",
      "[[ 0.61508802  0.69144032 -0.37891558]\n",
      " [-0.78826848  0.54982173 -0.2762768 ]\n",
      " [ 0.0173071   0.46862176  0.88322937]] 1.0000000000000004\n",
      "[[ 0.56481462 -0.79861499  0.2078426 ]\n",
      " [ 0.55537015  0.55415488  0.62006159]\n",
      " [-0.61036747 -0.23479027  0.7565217 ]] 0.9999999999999994\n",
      "[[-0.97702584  0.20698603 -0.05076711]\n",
      " [ 0.13761039  0.79459292  0.5913421 ]\n",
      " [ 0.16273874  0.57077043 -0.80482124]] 1.0000000000000002\n",
      "[[-0.17213033  0.63810026 -0.75046599]\n",
      " [-0.67677455 -0.63017781 -0.38059446]\n",
      " [-0.71578444  0.44238443  0.54032273]] 1.0000000000000004\n",
      "[[ 0.60049245 -0.53962123 -0.59009977]\n",
      " [ 0.65046316  0.75886222 -0.03202839]\n",
      " [ 0.46508762 -0.36460535  0.80669476]] 0.9999999999999999\n",
      "[[-0.92489634  0.29873361 -0.23521265]\n",
      " [-0.03929118  0.54021788  0.84060743]\n",
      " [ 0.37818377  0.78671652 -0.48790794]] 1.0000000000000004\n",
      "[[ 0.42565173  0.79792146 -0.42678092]\n",
      " [-0.05090737 -0.44977728 -0.89168876]\n",
      " [-0.90345395  0.40127515 -0.15082839]] 0.9999999999999998\n",
      "[[-0.71213003  0.65720265 -0.24689168]\n",
      " [-0.1204817  -0.46086174 -0.87925572]\n",
      " [-0.69163212 -0.59639847  0.40737438]] 1.0000000000000004\n",
      "[[ 0.41337809  0.88347026 -0.22045148]\n",
      " [-0.39960391  0.39356193  0.82790441]\n",
      " [ 0.81819024 -0.25414427  0.51572805]] 1.0000000000000002\n",
      "[[ 0.16902844 -0.9313702  -0.32245765]\n",
      " [ 0.65735904  0.35030029 -0.66720972]\n",
      " [ 0.73437625 -0.09919303  0.67145533]] 0.9999999999999998\n",
      "[[-0.69942947 -0.18394726 -0.69062422]\n",
      " [-0.71234579  0.25781746  0.65275848]\n",
      " [ 0.05798185  0.94852178 -0.31135918]] 1.0000000000000004\n",
      "[[ 0.52636241  0.70387615 -0.47697063]\n",
      " [-0.83142646  0.54350655 -0.11545855]\n",
      " [ 0.17796814  0.45733904  0.87130267]] 1.0\n",
      "[[ 0.19358328 -0.14300681  0.97060526]\n",
      " [-0.94035148  0.25506054  0.22512934]\n",
      " [-0.27975813 -0.95629137 -0.08510121]] 1.0\n",
      "[[-0.25916272 -0.33716889 -0.90507007]\n",
      " [ 0.93258514  0.15640027 -0.32530587]\n",
      " [ 0.25123622 -0.92836205  0.27390558]] 1.0000000000000002\n",
      "[[ 0.88553212  0.17551881  0.4301465 ]\n",
      " [-0.45773425  0.17128803  0.87243325]\n",
      " [ 0.0794495  -0.96946045  0.23202203]] 1.0000000000000002\n",
      "[[-0.05666204 -0.63070144 -0.7739542 ]\n",
      " [-0.94493213 -0.21638978  0.24551727]\n",
      " [-0.32232387  0.7452457  -0.58370897]] 0.9999999999999994\n",
      "[[-0.22245517 -0.7821699  -0.58199995]\n",
      " [ 0.0629585   0.58418701 -0.80917351]\n",
      " [ 0.97290797 -0.21664667 -0.08071117]] 0.9999999999999997\n",
      "[[-0.69053363 -0.25027335  0.67862107]\n",
      " [ 0.42362218  0.62053474  0.65990976]\n",
      " [-0.58626578  0.74316881 -0.32247876]] 1.0\n",
      "[[-0.57648533 -0.29096703 -0.76354623]\n",
      " [-0.56905514  0.81355235  0.11961951]\n",
      " [ 0.5863795   0.5034588  -0.63457728]] 0.9999999999999999\n",
      "[[ 0.20120728  0.01986074  0.97934732]\n",
      " [ 0.37685047 -0.9244137  -0.05867737]\n",
      " [ 0.90415671  0.38087382 -0.19348329]] 0.9999999999999998\n",
      "[[ 0.66355711  0.15365689  0.73217589]\n",
      " [ 0.07692642 -0.98750663  0.13752451]\n",
      " [ 0.74416013 -0.0349317  -0.66708731]] 1.0000000000000004\n",
      "[[-0.75331362 -0.31868321  0.57529088]\n",
      " [-0.26626343 -0.65206446 -0.70987022]\n",
      " [ 0.60135046 -0.68793383  0.40635536]] 1.0\n",
      "[[ 0.43737764 -0.07165736  0.89641844]\n",
      " [ 0.52642829  0.82857567 -0.19061903]\n",
      " [-0.72909126  0.55527253  0.40012293]] 1.0000000000000002\n",
      "[[ 0.28186719  0.28590981 -0.91586378]\n",
      " [-0.27645072 -0.88988367 -0.36288023]\n",
      " [-0.91876324  0.35547524 -0.17178904]] 1.0\n",
      "[[-0.59609229  0.78149696 -0.1842186 ]\n",
      " [-0.68461413 -0.61457837 -0.39191443]\n",
      " [-0.4194967  -0.10749851  0.90136928]] 1.0\n",
      "[[ 0.65604237 -0.70128979 -0.27892838]\n",
      " [ 0.641522    0.71284221 -0.28338225]\n",
      " [ 0.39756501  0.00697207  0.91754752]] 1.0\n",
      "[[ 0.58247906  0.7635313   0.27881553]\n",
      " [ 0.80215145 -0.59539994 -0.04529853]\n",
      " [ 0.1314199   0.25003773 -0.95927574]] 1.0\n",
      "[[-0.51423954 -0.61796983  0.59470243]\n",
      " [-0.80913752  0.57947083 -0.09751939]\n",
      " [-0.28434867 -0.53134438 -0.79800939]] 1.0\n",
      "[[ 0.36223285 -0.16943878  0.91655762]\n",
      " [-0.5775541   0.73101079  0.36339302]\n",
      " [-0.73158638 -0.6609945   0.16693606]] 0.9999999999999998\n",
      "[[ 0.43076925  0.61741456  0.6582075 ]\n",
      " [-0.8378418   0.54462637  0.03745967]\n",
      " [-0.33534902 -0.56761024  0.75190402]] 1.0000000000000004\n",
      "[[ 0.32582075 -0.86249506  0.38722489]\n",
      " [-0.58125243 -0.50576695 -0.63745228]\n",
      " [ 0.74564499 -0.01738023 -0.66611671]] 0.9999999999999999\n",
      "[[-0.97313056 -0.22696219 -0.03879542]\n",
      " [-0.10522826  0.58823682 -0.80181323]\n",
      " [ 0.20480218 -0.77618658 -0.59631406]] 1.0\n",
      "[[ 0.8377915  -0.43974227  0.32362345]\n",
      " [ 0.0936126   0.69964112  0.70833537]\n",
      " [-0.53790528 -0.56314212  0.62731879]] 0.9999999999999999\n",
      "[[-0.78936136 -0.53684666  0.29783267]\n",
      " [-0.50010835  0.2808999  -0.81913789]\n",
      " [ 0.35609027 -0.79554441 -0.49021303]] 1.0000000000000002\n",
      "[[ 0.46673926 -0.74375617  0.47851982]\n",
      " [-0.87119086 -0.29350897  0.39354665]\n",
      " [-0.15225289 -0.60056577 -0.78494574]] 1.0\n",
      "[[-0.3923203   0.61000597  0.68846024]\n",
      " [ 0.7034986  -0.28321239  0.65182855]\n",
      " [ 0.59259977  0.74005639 -0.31802838]] 1.0\n",
      "[[-0.36227805 -0.0705933  -0.92939292]\n",
      " [-0.90595613 -0.20770705  0.36891905]\n",
      " [-0.21908468  0.97564049  0.01129327]] 1.0000000000000004\n",
      "[[-0.44261054 -0.09837735  0.89130119]\n",
      " [-0.82992007 -0.33148952 -0.44871748]\n",
      " [ 0.33960064 -0.93831583  0.06507542]] 1.0\n",
      "[[ 0.0798027   0.48651807 -0.87001822]\n",
      " [-0.73083006  0.6221031   0.28084721]\n",
      " [ 0.67787827  0.6134231   0.40520753]] 0.9999999999999996\n",
      "[[ 0.06673378 -0.94482577  0.32070369]\n",
      " [-0.38534139  0.27207737  0.88175162]\n",
      " [-0.92035787 -0.18242303 -0.34592372]] 0.9999999999999998\n",
      "[[ 0.65499893  0.34307641  0.67325699]\n",
      " [-0.00273185 -0.8899069   0.45613403]\n",
      " [ 0.75562486 -0.30060654 -0.58195083]] 1.0000000000000002\n",
      "[[ 0.59868949 -0.3456134  -0.72258029]\n",
      " [ 0.77311977  0.48520422  0.40848831]\n",
      " [ 0.20941997 -0.80319876  0.55768722]] 0.9999999999999998\n",
      "[[ 0.12620207  0.60741414  0.78429657]\n",
      " [ 0.0924396   0.77997698 -0.61894331]\n",
      " [-0.98768819  0.15061199  0.04228559]] 1.0\n",
      "[[-0.97082033  0.23348215  0.05471721]\n",
      " [-0.1413311  -0.7413952   0.65601729]\n",
      " [ 0.1937354   0.62914168  0.75275982]] 0.9999999999999998\n",
      "[[ 0.48178713  0.68225355 -0.54991932]\n",
      " [ 0.8540741  -0.50600392  0.12048847]\n",
      " [-0.19605764 -0.52772165 -0.82648126]] 1.0000000000000007\n",
      "[[ 0.61557854  0.06547133 -0.78535124]\n",
      " [-0.30941794 -0.89644035 -0.3172621 ]\n",
      " [-0.72479211  0.4383015  -0.53157144]] 1.0000000000000002\n",
      "[[ 0.9409111   0.18825797  0.2815053 ]\n",
      " [-0.2657737  -0.10468082  0.95833515]\n",
      " [ 0.20988244 -0.97652489 -0.04846133]] 0.9999999999999999\n",
      "[[-0.16501225 -0.98624813  0.00925122]\n",
      " [-0.61802605  0.09608483 -0.78026374]\n",
      " [ 0.76864475 -0.13447057 -0.62538221]] 0.9999999999999999\n",
      "[[ 0.08985299 -0.64003632  0.7630727 ]\n",
      " [ 0.86835551  0.42555117  0.25468591]\n",
      " [-0.48773471  0.63973409  0.59401611]] 1.0\n",
      "[[-0.38135356  0.874343    0.30015625]\n",
      " [-0.84461257 -0.46153124  0.27132734]\n",
      " [ 0.37576464 -0.15004409  0.91448767]] 0.9999999999999996\n",
      "[[ 0.0891428   0.09270983 -0.99169474]\n",
      " [ 0.66214299  0.73827142  0.12853784]\n",
      " [ 0.7440566  -0.66810194  0.00442441]] 1.0000000000000007\n",
      "[[ 0.24139161 -0.86406276 -0.44173028]\n",
      " [-0.95747933 -0.13795467 -0.25338084]\n",
      " [ 0.15799819  0.48411162 -0.86062333]] 0.9999999999999997\n",
      "[[ 0.01967638 -0.98467458 -0.17328822]\n",
      " [ 0.70693728  0.13626475 -0.69402565]\n",
      " [ 0.70700249 -0.10884799  0.69878436]] 0.9999999999999998\n",
      "[[ 0.43764     0.47494187 -0.76347983]\n",
      " [ 0.27733724  0.73641018  0.61707706]\n",
      " [ 0.85531006 -0.48179899  0.19056348]] 1.0000000000000002\n",
      "[[-0.06069068 -0.00825778 -0.99812246]\n",
      " [ 0.18275933  0.98296931 -0.01924507]\n",
      " [ 0.98128267 -0.18358419 -0.05814789]] 1.0000000000000002\n",
      "[[-0.2436149   0.86817641 -0.4323442 ]\n",
      " [ 0.87515105  0.3889163   0.28784502]\n",
      " [ 0.41804596 -0.30824315 -0.8545313 ]] 1.0000000000000004\n",
      "[[-0.8240533  -0.36724142 -0.4313582 ]\n",
      " [-0.34317553  0.92942001 -0.13567979]\n",
      " [ 0.45074018  0.0362242  -0.89191989]] 0.9999999999999997\n",
      "[[-0.55997975 -0.59024132  0.58141024]\n",
      " [-0.78786157  0.5964693  -0.15329228]\n",
      " [-0.25631392 -0.54391135 -0.79903918]] 1.0000000000000002\n",
      "[[ 0.29764197  0.93832544  0.17593926]\n",
      " [-0.95242261  0.30451201 -0.0127909 ]\n",
      " [-0.06557764 -0.16376142  0.98431792]] 1.0000000000000004\n",
      "[[-0.59511845  0.39786566  0.69823847]\n",
      " [ 0.80214226  0.24109815  0.54629615]\n",
      " [ 0.04900847  0.88519749 -0.46262681]] 1.0\n",
      "[[-0.65610839  0.660197    0.36559773]\n",
      " [-0.69462874 -0.33895495 -0.63450804]\n",
      " [-0.29497915 -0.67026074  0.680983  ]] 0.9999999999999998\n",
      "[[ 0.34555976 -0.82868398 -0.44030821]\n",
      " [ 0.42267501 -0.28147059  0.86146395]\n",
      " [-0.83781519 -0.48379455  0.2529991 ]] 1.0\n",
      "[[-0.10089884  0.05916802 -0.99313573]\n",
      " [ 0.93814988 -0.3266525  -0.11477345]\n",
      " [-0.33120119 -0.94329067 -0.02254961]] 1.0000000000000002\n",
      "[[-0.76068104 -0.48068791 -0.43623787]\n",
      " [ 0.62013434 -0.33953953 -0.70721023]\n",
      " [ 0.19182741 -0.8084875   0.55637236]] 1.0000000000000004\n",
      "[[-0.12881331 -0.44995878 -0.88371049]\n",
      " [ 0.75784297 -0.61941944  0.20492339]\n",
      " [-0.63959453 -0.64331692  0.42078757]] 1.0000000000000002\n",
      "[[-0.24475246 -0.24314028  0.93860484]\n",
      " [-0.53309889 -0.77484706 -0.33973167]\n",
      " [ 0.80987765 -0.58351936  0.06002791]] 1.0000000000000002\n",
      "[[ 0.14536865  0.57008063  0.80862601]\n",
      " [ 0.95504903  0.13257052 -0.26515357]\n",
      " [-0.25835888  0.8108225  -0.52518336]] 0.9999999999999998\n",
      "[[-0.33665422 -0.58471324  0.73808831]\n",
      " [-0.84529057  0.53304322  0.03672568]\n",
      " [-0.41490697 -0.61153524 -0.67370384]] 0.9999999999999999\n",
      "[[-0.317266    0.12909329  0.93950902]\n",
      " [ 0.94513767  0.12434562  0.30208104]\n",
      " [-0.07782719  0.98380541 -0.16146156]] 0.9999999999999999\n",
      "[[ 0.0351525   0.88442929  0.4653484 ]\n",
      " [ 0.95664606  0.10493096 -0.27169432]\n",
      " [-0.28912387  0.45472445 -0.84239721]] 1.0000000000000002\n",
      "[[-8.27223701e-01  5.07591231e-01  2.40940014e-01]\n",
      " [-2.79397591e-01  4.34138284e-04 -9.60175399e-01]\n",
      " [-4.87481214e-01 -8.61597907e-01  1.41460638e-01]] 0.9999999999999998\n",
      "[[ 0.17359094  0.20164911  0.96395219]\n",
      " [-0.98475381  0.02438017  0.17223687]\n",
      " [ 0.01123009 -0.97915435  0.20280691]] 1.0000000000000002\n",
      "[[ 0.72439307 -0.36869261 -0.58251218]\n",
      " [-0.68501031 -0.28989049 -0.66837443]\n",
      " [ 0.07755998  0.88319265 -0.4625529 ]] 1.0\n",
      "[[-0.73376003  0.47886103  0.481963  ]\n",
      " [-0.66875303 -0.63420275 -0.3880158 ]\n",
      " [ 0.11985661 -0.6070247   0.78559239]] 0.9999999999999998\n",
      "[[ 0.44389677  0.20313594 -0.87274936]\n",
      " [-0.05340216  0.97823183  0.20052606]\n",
      " [ 0.89448525 -0.04240617  0.44508185]] 1.0\n",
      "[[ 0.80317379 -0.16638522  0.57203831]\n",
      " [ 0.48105901 -0.38527091 -0.78749511]\n",
      " [ 0.35141727  0.90767962 -0.22939839]] 1.0000000000000004\n",
      "[[-0.08230338  0.67089873  0.73696747]\n",
      " [ 0.99617656  0.03364185  0.08062558]\n",
      " [ 0.02929865  0.74078548 -0.67110243]] 1.0\n",
      "[[-0.3016044   0.80971418 -0.50338626]\n",
      " [ 0.06701189 -0.50866374 -0.85835343]\n",
      " [-0.95107528 -0.29261603  0.09915474]] 1.0\n",
      "[[ 0.66959806 -0.72513592  0.16067463]\n",
      " [-0.50136767 -0.60090704 -0.62252806]\n",
      " [ 0.54796797  0.33628652 -0.7659259 ]] 0.9999999999999999\n",
      "[[-0.65691807  0.03730557  0.75303847]\n",
      " [ 0.72617474 -0.2373471   0.64524151]\n",
      " [ 0.2028026   0.97070832  0.12882724]] 1.0\n",
      "[[-0.71705066 -0.60988095 -0.33746641]\n",
      " [-0.65105446  0.41312201  0.63675607]\n",
      " [-0.24893059  0.67629537 -0.69329512]] 1.0000000000000002\n",
      "[[ 0.90091451  0.08564724  0.42546162]\n",
      " [ 0.37672257 -0.6410738  -0.66865873]\n",
      " [ 0.21548352  0.76268535 -0.60981793]] 1.0\n",
      "[[-0.03046034  0.61487065  0.7880395 ]\n",
      " [ 0.93949159  0.28675291 -0.18742552]\n",
      " [-0.34121507  0.73464743 -0.5864004 ]] 1.0\n",
      "[[ 0.88735094  0.37194913 -0.27251082]\n",
      " [ 0.43771109 -0.49367522  0.75146109]\n",
      " [ 0.14497346 -0.78609072 -0.60086943]] 1.0\n",
      "[[-0.26344884 -0.54900652  0.7932128 ]\n",
      " [ 0.96300895 -0.10139185  0.24966667]\n",
      " [-0.05664332  0.82964543  0.55540976]] 0.9999999999999998\n",
      "[[-0.834237   -0.54851091  0.05643053]\n",
      " [ 0.31550812 -0.39090368  0.86466695]\n",
      " [-0.45222035  0.73914146  0.49916596]] 0.9999999999999998\n",
      "[[-0.01699195  0.8289478  -0.55906781]\n",
      " [ 0.15838994 -0.54985651 -0.82010392]\n",
      " [-0.98723042 -0.10248588 -0.12195386]] 0.9999999999999994\n",
      "[[ 0.59163789 -0.79841874  0.11176812]\n",
      " [ 0.77293724  0.60116091  0.20291277]\n",
      " [-0.22919999 -0.03366114  0.97279715]] 1.0\n",
      "[[ 0.61493175 -0.52428505 -0.58905358]\n",
      " [ 0.01636644  0.75530401 -0.6551702 ]\n",
      " [ 0.78841048  0.39324425  0.4730411 ]] 1.0\n",
      "[[ 0.34097404  0.87981798 -0.33114502]\n",
      " [ 0.30447767  0.22990801  0.92435689]\n",
      " [ 0.8893987  -0.41600797 -0.18949227]] 0.9999999999999996\n",
      "[[-0.00374515  0.08337136 -0.99651151]\n",
      " [-0.92026479 -0.39020613 -0.02918731]\n",
      " [-0.39127829  0.91694514  0.07818511]] 0.9999999999999999\n",
      "[[-0.07718924  0.92413085 -0.37419779]\n",
      " [-0.69110077  0.22092585  0.68816531]\n",
      " [ 0.71862476  0.31172734  0.62161444]] 1.0000000000000007\n",
      "[[ 0.13577521  0.12563413  0.98274165]\n",
      " [ 0.73371319  0.65380252 -0.18495194]\n",
      " [-0.66575525  0.7461624  -0.00340925]] 0.9999999999999998\n",
      "[[ 0.8125637  -0.4386795  -0.38379752]\n",
      " [ 0.42213391 -0.01114329  0.906465  ]\n",
      " [-0.40192438 -0.8985745   0.17612686]] 1.0000000000000002\n",
      "[[ 0.68291877 -0.38599108  0.62018775]\n",
      " [-0.29776516 -0.92235392 -0.24616895]\n",
      " [ 0.66705162 -0.01655691 -0.7448275 ]] 1.0000000000000002\n",
      "[[-0.35171267  0.41085778 -0.84112668]\n",
      " [ 0.0887206   0.90912154  0.40697258]\n",
      " [ 0.93189423  0.06851215 -0.35620111]] 1.0000000000000004\n",
      "[[-0.25047188 -0.33345299 -0.90888555]\n",
      " [ 0.11340822  0.9222417  -0.3696063 ]\n",
      " [ 0.96145848 -0.19565108 -0.1931793 ]] 1.0000000000000002\n",
      "[[ 0.6597909  -0.27371808  0.69982453]\n",
      " [-0.24758307 -0.95848323 -0.14146565]\n",
      " [ 0.70949178 -0.07992696 -0.70016647]] 0.9999999999999998\n",
      "[[ 0.73650435  0.26952454 -0.62041749]\n",
      " [-0.53277971  0.79626204 -0.28655287]\n",
      " [ 0.41678187  0.54159328  0.73004767]] 0.9999999999999999\n",
      "[[ 0.2831842  -0.77054504 -0.57102281]\n",
      " [-0.40943113  0.44128367 -0.79852043]\n",
      " [ 0.867279    0.45992288 -0.19052056]] 0.9999999999999999\n",
      "[[-0.07741606 -0.29180704 -0.95333908]\n",
      " [ 0.29853269 -0.91912056  0.25709071]\n",
      " [-0.95125443 -0.26469993  0.15826864]] 0.9999999999999999\n",
      "[[-0.59760908  0.2673205   0.75591212]\n",
      " [-0.66753858 -0.68812163 -0.28439562]\n",
      " [ 0.44413469 -0.67455791  0.58967448]] 1.0\n",
      "[[-0.2340739   0.95833279 -0.16373049]\n",
      " [ 0.94086053  0.26571577  0.21018226]\n",
      " [ 0.24493033 -0.10484938 -0.96385463]] 1.0000000000000004\n",
      "[[ 0.34106797 -0.87236159  0.35022549]\n",
      " [ 0.55827272 -0.11177606 -0.82209347]\n",
      " [ 0.7563096   0.47591108  0.44889245]] 0.9999999999999999\n",
      "[[-0.39195673 -0.26253165  0.88172958]\n",
      " [ 0.27241927  0.88231587  0.38380521]\n",
      " [-0.87872502  0.39063517 -0.27431097]] 1.0000000000000004\n",
      "[[-0.59002147 -0.70851963  0.38713642]\n",
      " [-0.80684685  0.5349697  -0.25061042]\n",
      " [-0.02954386 -0.46022533 -0.88731043]] 0.9999999999999998\n",
      "[[ 0.43550947 -0.62277001 -0.64999155]\n",
      " [-0.2283397  -0.77487554  0.58943098]\n",
      " [-0.87074249 -0.1082839  -0.47966875]] 1.0000000000000004\n",
      "[[-0.13192428  0.88823165 -0.44004604]\n",
      " [ 0.36298658  0.4563794   0.81237835]\n",
      " [ 0.92240811 -0.05255838 -0.38262369]] 1.0\n",
      "[[-0.6983834  -0.32900209  0.6356243 ]\n",
      " [ 0.69100889 -0.54130915  0.47905232]\n",
      " [ 0.18646004  0.77378423  0.60538469]] 1.0\n",
      "[[-0.02546688 -0.84076218  0.54080532]\n",
      " [-0.78699068  0.35045153  0.50776904]\n",
      " [-0.61643906 -0.41267745 -0.67059691]] 0.9999999999999999\n",
      "[[ 0.85236109  0.27332566  0.44584038]\n",
      " [ 0.18531484 -0.95508557  0.23123575]\n",
      " [ 0.48901838 -0.11447551 -0.86472908]] 0.9999999999999997\n",
      "[[ 0.39114867  0.47631113  0.78748361]\n",
      " [-0.7412159  -0.34415499  0.57633005]\n",
      " [ 0.54552883 -0.8091261   0.21843362]] 1.0\n",
      "[[-0.3119539   0.20138694 -0.92850852]\n",
      " [ 0.51388271 -0.78622736 -0.34317794]\n",
      " [-0.79913036 -0.58420017  0.14177742]] 1.0\n",
      "[[-0.35606442 -0.19023774  0.9148922 ]\n",
      " [ 0.80819211  0.42878247  0.40369681]\n",
      " [-0.46908811  0.88315072  0.00107446]] 1.0\n",
      "[[ 0.70443966 -0.67776131 -0.21072343]\n",
      " [ 0.33770967  0.58119536 -0.74038108]\n",
      " [ 0.62427313  0.45039046  0.63830361]] 1.0000000000000004\n",
      "[[ 0.30719227 -0.92201323  0.2356364 ]\n",
