{
 "cells": [
  {
   "cell_type": "markdown",
   "id": "222d385f",
   "metadata": {},
   "source": [
    "Consider different random orthogonal matrices. Fix eigenvalue (eg assuming two to be the same) and consider the error in the approximation of dR by dC and dE.\n",
    "\n",
    "See details on random orthogonal matrices from Nick Higham https://nhigham.com/2020/04/22/what-is-a-random-orthogonal-matrix/"
   ]
  },
  {
   "cell_type": "code",
   "execution_count": 1,
   "id": "d675fdc0",
   "metadata": {},
   "outputs": [],
   "source": [
    "from time import time\n",
    "import numpy as np\n",
    "import os\n",
    "import sys\n",
    "from matplotlib import pyplot as plt\n",
    "from scipy.stats import ortho_group\n",
    "# include the src path\n",
    "sys.path.insert(0, \"src\")\n",
    "from EigenValueDecomposition import *\n",
    "from MinMaxthetafromQRQI import *\n",
    "from SortEigenValues import *\n",
    "from AnglesSortedQRQI import *\n",
    "from SplitTensor import *\n",
    "from Fmeasure import *\n",
    "from Commeasure import *"
   ]
  },
  {
   "cell_type": "code",
   "execution_count": 56,
   "id": "b4d8cded",
   "metadata": {},
   "outputs": [],
   "source": [
    "# Fix number of cases to be considered and fix some eigenvalues.\n",
    "N=1000\n",
    "uR=[2,1,1]\n",
    "uRtilde=uR\n",
    "uI=[3,2,2]\n",
    "MultR=[1,2,2]\n",
    "MultI=[1,2,2]\n",
    "MultRtilde=[1,2,2]\n",
    "\n",
    "N0=np.zeros((3,3))\n",
    "Rstore=np.zeros((N,9))\n",
    "Istore=np.zeros((N,9))\n",
    "Mlist=np.zeros(9, dtype=complex)\n",
    "TensorArray=np.zeros((N,9),dtype=complex)\n",
    "Frequencies=np.zeros(N)\n",
    "URstore=np.zeros((N,3))\n",
    "UIstore=np.zeros((N,3))\n",
    "URtildestore=np.zeros((N,3))\n",
    "QRstore=np.zeros((N,3,3))\n",
    "QIstore=np.zeros((N,3,3))\n",
    "QRtildestore=np.zeros((N,3,3))\n",
    "MultRstore=np.zeros(N)\n",
    "MultIstore=np.zeros(N)\n",
    "MultRtildestore=np.zeros(N)\n"
   ]
  },
  {
   "cell_type": "code",
   "execution_count": 73,
   "id": "edf8ebe9",
   "metadata": {
    "scrolled": false
   },
   "outputs": [
    {
     "name": "stdout",
     "output_type": "stream",
     "text": [
      "[[ 0.15740071  0.65902872  0.73546323]\n",
      " [-0.6919575  -0.45774868  0.55826603]\n",
      " [ 0.70457067 -0.59678077  0.3839699 ]] 0.9999999999999998\n",
      "[[-0.51112726  0.19218864 -0.83774247]\n",
      " [ 0.08371667  0.98117768  0.17401688]\n",
      " [ 0.85541828  0.01881176 -0.51759606]] 1.0\n",
      "[[-0.96692521 -0.2483433   0.05814846]\n",
      " [-0.18046039  0.82721569  0.53211676]\n",
      " [-0.18024895  0.50402362 -0.84467183]] 1.0000000000000004\n",
      "[[ 0.54652026  0.39403378 -0.73895398]\n",
      " [ 0.45389659  0.60216661  0.65679012]\n",
      " [ 0.7037709  -0.6943578   0.15024567]] 1.0000000000000002\n",
      "[[-0.02569446 -0.99948657  0.01914121]\n",
      " [ 0.55008165  0.0018519   0.83510883]\n",
      " [-0.83471551  0.0319869   0.54975164]] 1.0\n",
      "[[-0.56531205  0.82061162  0.08377865]\n",
      " [-0.55553341 -0.45383223  0.69672013]\n",
      " [ 0.60975808  0.34732244  0.712434  ]] 1.0000000000000004\n",
      "[[ 0.28793456 -0.17577438  0.9413804 ]\n",
      " [ 0.07504935  0.98412929  0.16080154]\n",
      " [-0.95470481  0.02434967  0.29655659]] 1.0\n",
      "[[-0.38584476 -0.60234636 -0.69878658]\n",
      " [ 0.5238987   0.4804028  -0.70337991]\n",
      " [ 0.75937736 -0.63748883  0.13020757]] 0.9999999999999998\n",
      "[[-0.90758061  0.33776601  0.24942243]\n",
      " [-0.16436937 -0.83243544  0.52918234]\n",
      " [ 0.38636788  0.43927822  0.81102065]] 1.0000000000000004\n",
      "[[-0.31901992 -0.94092983  0.11347837]\n",
      " [-0.94053483  0.29957002 -0.16016251]\n",
      " [ 0.11670697 -0.15782539 -0.98054609]] 1.0000000000000002\n",
      "[[ 0.51677969  0.85546498 -0.03344285]\n",
      " [-0.50766092  0.3376605   0.79263218]\n",
      " [ 0.6893614  -0.39263859  0.60878223]] 1.0000000000000002\n",
      "[[ 0.69060758  0.06539794 -0.72026681]\n",
      " [ 0.25008924 -0.95606032  0.15298379]\n",
      " [-0.67861369 -0.28578274 -0.67661783]] 1.0000000000000002\n",
      "[[-0.62052837 -0.01254059 -0.78408372]\n",
      " [-0.37452481  0.88320547  0.28227515]\n",
      " [ 0.68896713  0.46881855 -0.55275081]] 1.0\n",
      "[[ 0.33650446 -0.1375647   0.93157968]\n",
      " [ 0.84798026 -0.38593374 -0.36329689]\n",
      " [ 0.40950486  0.9122122  -0.01321628]] 1.0\n",
      "[[ 0.38576444 -0.85382342  0.34953019]\n",
      " [ 0.87889706  0.2248803  -0.4206766 ]\n",
      " [ 0.28058109  0.46948313  0.83717372]] 1.0\n",
      "[[ 0.29462708  0.92535239  0.2385746 ]\n",
      " [-0.4249765  -0.09673346  0.90002089]\n",
      " [ 0.85591463 -0.36655913  0.36475273]] 1.0\n",
      "[[ 0.00468633 -0.07368392 -0.99727063]\n",
      " [ 0.99998464  0.00329679  0.00445549]\n",
      " [ 0.00295949 -0.9972762   0.07369824]] 0.9999999999999996\n",
      "[[ 0.88201428 -0.37666376  0.2831523 ]\n",
      " [-0.21781493  0.20695756  0.95379517]\n",
      " [-0.41786058 -0.90293576  0.10049653]] 1.0000000000000002\n",
      "[[ 0.04695793  0.60068615  0.79810469]\n",
      " [ 0.92026284  0.28471209 -0.26843125]\n",
      " [-0.38847299  0.74707106 -0.53941965]] 0.9999999999999999\n",
      "[[ 0.998       0.0308946   0.05515004]\n",
      " [ 0.05811716 -0.79163231 -0.60822749]\n",
      " [ 0.02486761  0.6102162  -0.79184455]] 1.0\n",
      "[[-0.1677061   0.51441166 -0.84098473]\n",
      " [-0.64960812 -0.6993359  -0.29822574]\n",
      " [-0.7415416   0.49629623  0.45144889]] 1.0\n",
      "[[-0.12220908 -0.5884767   0.7992247 ]\n",
      " [ 0.99178333 -0.04171823  0.12093561]\n",
      " [-0.03782555  0.80743716  0.58873972]] 1.0000000000000002\n",
      "[[-0.69472568  0.62411288  0.35754627]\n",
      " [ 0.1061479   0.58061061 -0.80723227]\n",
      " [-0.71139922 -0.5228522  -0.46961337]] 1.0000000000000004\n",
      "[[-0.86997477  0.46698274  0.1583383 ]\n",
      " [ 0.12654596 -0.09891326  0.98701686]\n",
      " [ 0.47658159  0.87871684  0.02695726]] 0.9999999999999997\n",
      "[[ 0.67907544  0.21317393  0.70243393]\n",
      " [ 0.18459691 -0.97574593  0.11765998]\n",
      " [ 0.71047908  0.04976712 -0.70195634]] 0.9999999999999998\n",
      "[[ 0.50991227 -0.24933736 -0.82329846]\n",
      " [ 0.733938    0.62530675  0.26519139]\n",
      " [ 0.44869197 -0.73947437  0.50184975]] 0.9999999999999998\n",
      "[[-0.52494303 -0.71392927  0.46340026]\n",
      " [ 0.84803291 -0.3922545   0.35633774]\n",
      " [-0.0726291   0.58003569  0.81134679]] 1.0\n",
      "[[ 0.05922477  0.07255083 -0.99560474]\n",
      " [-0.74717673  0.66461346  0.0039844 ]\n",
      " [ 0.66198139  0.74365672  0.09356987]] 0.9999999999999996\n",
      "[[ 0.38596945  0.13163704 -0.91307134]\n",
      " [-0.13083831 -0.97195025 -0.19543297]\n",
      " [-0.91318614  0.19489586 -0.35791994]] 1.0\n",
      "[[ 0.37477338 -0.12043116  0.91926125]\n",
      " [ 0.5338234   0.83870196 -0.10775713]\n",
      " [-0.7580089   0.53110766  0.37861214]] 1.0\n",
      "[[-0.53177525  0.72792096  0.43283503]\n",
      " [ 0.25984472 -0.346197    0.90145902]\n",
      " [ 0.8060371   0.59184349 -0.00504742]] 1.0000000000000002\n",
      "[[ 0.3625322   0.9212422  -0.14100785]\n",
      " [ 0.33019739 -0.26845251 -0.90493256]\n",
      " [-0.87151597  0.28150677 -0.40151445]] 1.0\n",
      "[[ 0.0420035   0.45220476 -0.89092455]\n",
      " [-0.98264117 -0.14257604 -0.11869459]\n",
      " [-0.18069875  0.88044473  0.43836633]] 0.9999999999999999\n",
      "[[ 0.80359752  0.50538384  0.31435361]\n",
      " [ 0.15774349  0.32843062 -0.93126275]\n",
      " [-0.5738885   0.79794768  0.18420502]] 1.0000000000000002\n",
      "[[ 0.40464889 -0.84265785 -0.35522813]\n",
      " [-0.39235068  0.1909025  -0.8997873 ]\n",
      " [ 0.82602677  0.50347193 -0.25336889]] 1.0000000000000002\n",
      "[[ 0.43281291 -0.75222107  0.49682637]\n",
      " [-0.73805726  0.02077582  0.67441816]\n",
      " [-0.51763352 -0.65858319 -0.54619018]] 1.0000000000000002\n",
      "[[-0.58504626  0.09473007  0.80544837]\n",
      " [-0.74662643  0.32486338 -0.580528  ]\n",
      " [-0.31665414 -0.94100478 -0.11933213]] 0.9999999999999994\n",
      "[[ 0.27456501 -0.52381017  0.80637272]\n",
      " [ 0.94208971 -0.02140065 -0.33467743]\n",
      " [ 0.19256435  0.85156615  0.4876003 ]] 1.0\n",
      "[[ 0.88822904 -0.26844005  0.37281244]\n",
      " [-0.07441274  0.71673318  0.69336592]\n",
      " [-0.45333423 -0.64360974  0.61664786]] 0.9999999999999996\n",
      "[[-0.95989735  0.27841482 -0.0328978 ]\n",
      " [-0.23495289 -0.7348785   0.63620023]\n",
      " [ 0.15295169  0.61841634  0.77082229]] 0.9999999999999999\n",
      "[[ 0.86228676  0.40839752 -0.29945454]\n",
      " [ 0.50513692 -0.6515487   0.56596907]\n",
      " [ 0.03603115 -0.63929317 -0.76811848]] 0.9999999999999997\n",
      "[[ 0.17257989 -0.96217764 -0.21078515]\n",
      " [-0.34563361  0.14123358 -0.92768016]\n",
      " [ 0.92236304  0.23295338 -0.30818686]] 0.9999999999999998\n",
      "[[-0.65200628  0.45751193  0.60462438]\n",
      " [-0.4069264   0.46170895 -0.7881851 ]\n",
      " [-0.63976457 -0.75993926 -0.11486345]] 0.9999999999999998\n",
      "[[-0.25343746  0.85918055 -0.44449773]\n",
      " [ 0.7645066  -0.10364283 -0.63622938]\n",
      " [-0.59270492 -0.50106581 -0.63058222]] 0.9999999999999998\n",
      "[[-0.87681017  0.37873933  0.2962439 ]\n",
      " [ 0.39335976  0.91931796 -0.01107209]\n",
      " [-0.27653578  0.10682231 -0.95504814]] 0.9999999999999994\n",
      "[[ 0.06052532  0.51187521 -0.856925  ]\n",
      " [ 0.93769842 -0.32342255 -0.12696267]\n",
      " [-0.34213791 -0.79585277 -0.49955983]] 1.0\n",
      "[[ 0.01010686 -0.85841995 -0.51284797]\n",
      " [ 0.18763787 -0.5021356   0.84418711]\n",
      " [-0.98218628 -0.10476178  0.15599707]] 0.9999999999999998\n",
      "[[-0.39726439  0.85052602  0.34465417]\n",
      " [ 0.77370106  0.51237998 -0.37263041]\n",
      " [-0.49352575  0.11862651 -0.8616032 ]] 0.9999999999999999\n",
      "[[-0.37768021  0.87090453 -0.3144566 ]\n",
      " [-0.35449816  0.17773174  0.91801007]\n",
      " [ 0.85538805  0.45818852  0.24160829]] 0.9999999999999998\n",
      "[[ 0.64154862 -0.64563842 -0.41420574]\n",
      " [-0.63343191 -0.75044909  0.18865358]\n",
      " [-0.43264233  0.14134069 -0.89041756]] 1.0000000000000004\n",
      "[[ 0.37378012 -0.71804003  0.58711748]\n",
      " [-0.92744121 -0.28122906  0.24650155]\n",
      " [-0.01188348 -0.63665432 -0.77105775]] 0.9999999999999992\n",
      "[[ 0.57641466  0.09114441 -0.81205839]\n",
      " [-0.36079103 -0.8632665  -0.35298835]\n",
      " [-0.73319572  0.49645105 -0.46471538]] 1.0\n",
      "[[ 0.38504981 -0.88592775  0.25858977]\n",
      " [ 0.90244672  0.42009239  0.0954584 ]\n",
      " [-0.19320084  0.19660725  0.96125908]] 1.0000000000000002\n",
      "[[ 0.7530648   0.13140271  0.64469119]\n",
      " [ 0.31046441 -0.93487521 -0.17210516]\n",
      " [ 0.58009073  0.32976001 -0.74481748]] 0.9999999999999996\n",
      "[[ 0.14863881 -0.14829917  0.97770847]\n",
      " [-0.21381183 -0.97012441 -0.11464349]\n",
      " [ 0.96550039 -0.19200517 -0.17590626]] 0.9999999999999996\n",
      "[[ 0.29681194  0.83594304 -0.46162962]\n",
      " [ 0.32416248 -0.54291009 -0.77470467]\n",
      " [-0.89823235  0.08029859 -0.43212356]] 1.0000000000000007\n",
      "[[ 0.93063784  0.36223812 -0.05193027]\n",
      " [-0.31674881  0.86844762  0.38140389]\n",
      " [ 0.18325775 -0.33850004  0.92294871]] 1.0\n",
      "[[ 0.90250158 -0.3058304  -0.30324688]\n",
      " [ 0.42583782  0.73900675  0.52204519]\n",
      " [ 0.0644442  -0.6002806   0.79718891]] 0.9999999999999998\n",
      "[[-0.1560368   0.96065734 -0.22976075]\n",
      " [ 0.16034699  0.25415999  0.95377751]\n",
      " [ 0.97464935  0.11198294 -0.19369682]] 0.9999999999999999\n",
      "[[ 0.03068647 -0.85313327 -0.52078975]\n",
      " [-0.98414676  0.06526899 -0.16490943]\n",
      " [ 0.17468114  0.51759403 -0.83760547]] 0.9999999999999996\n",
      "[[-0.34573158  0.46349259  0.81587027]\n",
      " [ 0.65408621 -0.50438151  0.56371138]\n",
      " [ 0.67278593  0.72854232 -0.1287835 ]] 1.0\n",
      "[[ 0.37447398  0.90299004  0.2106614 ]\n",
      " [ 0.83056044 -0.42766493  0.3567521 ]\n",
      " [ 0.41223609  0.04137264 -0.91013719]] 1.0000000000000002\n",
      "[[-0.55595993  0.65744034 -0.50860668]\n",
      " [-0.8262617  -0.37045511  0.42432843]\n",
      " [ 0.09055468  0.65615183  0.74917597]] 0.9999999999999998\n",
      "[[-0.21750971  0.70332851 -0.67677066]\n",
      " [-0.88516584 -0.4343197  -0.16687671]\n",
      " [-0.41130398  0.56275697  0.71703112]] 0.9999999999999997\n",
      "[[ 0.95292451  0.29745282  0.05879365]\n",
      " [ 0.14859717 -0.28912643 -0.94568747]\n",
      " [-0.2642986   0.90990534 -0.31971631]] 0.9999999999999999\n",
      "[[-0.92255136 -0.25483493  0.28975534]\n",
      " [ 0.33628594 -0.89921882  0.27985225]\n",
      " [ 0.18923733  0.35561871  0.91527294]] 0.9999999999999996\n",
      "[[ 0.93779286 -0.21872724 -0.26963484]\n",
      " [-0.33440431 -0.77788344 -0.53204428]\n",
      " [-0.0933719   0.58911438 -0.80263687]] 0.9999999999999999\n",
      "[[-0.45907163 -0.30796466  0.83331327]\n",
      " [-0.03598337  0.94367004  0.32892561]\n",
      " [-0.88767023  0.121015   -0.44429375]] 1.0\n",
      "[[ 0.75959357 -0.12708825 -0.63786063]\n",
      " [-0.64721343 -0.05076627 -0.76061657]\n",
      " [ 0.06428362  0.99059142 -0.12081495]] 1.0\n",
      "[[-0.46561411  0.12506234 -0.87610668]\n",
      " [ 0.00653876 -0.98945146 -0.14471714]\n",
      " [-0.8849637  -0.073111    0.45988481]] 1.0\n",
      "[[ 0.80462602 -0.05032863  0.59164516]\n",
      " [-0.53299798 -0.50037678  0.68230216]\n",
      " [ 0.26170617 -0.86434375 -0.42944123]] 1.0000000000000007\n",
      "[[-0.51428813 -0.8149853   0.2670331 ]\n",
      " [-0.60435221  0.12347692 -0.78709076]\n",
      " [ 0.60849498 -0.56617348 -0.55604088]] 1.0\n",
      "[[-0.68033169  0.04678662 -0.73140946]\n",
      " [ 0.66537986 -0.37897343 -0.64315533]\n",
      " [-0.30727582 -0.92422408  0.22669676]] 0.9999999999999998\n",
      "[[-0.22306515  0.96111643  0.16277943]\n",
      " [ 0.97408921  0.21338035  0.07496031]\n",
      " [ 0.03731165  0.17528272 -0.98381086]] 1.0000000000000002\n",
      "[[-0.22468769  0.74999741  0.62210877]\n",
      " [-0.97398674 -0.19213086 -0.12014809]\n",
      " [ 0.02941553 -0.63292149  0.77365697]] 1.0\n",
      "[[-0.56073992 -0.34220085  0.75396904]\n",
      " [-0.81235627  0.40349984 -0.4210287 ]\n",
      " [-0.16015001 -0.84857908 -0.50424748]] 1.0000000000000002\n",
      "[[ 0.98395272 -0.17776633 -0.01536812]\n",
      " [-0.04723486 -0.34256692  0.93830527]\n",
      " [-0.17206369 -0.92252211 -0.34546642]] 1.0\n",
      "[[ 0.98300781  0.16127323 -0.08767316]\n",
      " [ 0.17903598 -0.94776296  0.26399145]\n",
      " [-0.04051862 -0.27520231 -0.96053211]] 1.0000000000000002\n",
      "[[ 0.51257567 -0.85558858 -0.07234886]\n",
      " [-0.65051687 -0.44194888  0.61766414]\n",
      " [-0.56044088 -0.26953546 -0.78310705]] 1.0\n",
      "[[ 0.24603931 -0.60723045  0.75547061]\n",
      " [-0.93893031 -0.34277298  0.0302746 ]\n",
      " [ 0.24057125 -0.716783   -0.6544827 ]] 0.9999999999999999\n",
      "[[ 0.27691854 -0.91631189  0.2892899 ]\n",
      " [-0.93805689 -0.1925487   0.28805254]\n",
      " [-0.20824357 -0.35113747 -0.91287299]] 0.9999999999999998\n",
      "[[ 0.30468491 -0.8799669   0.36445214]\n",
      " [-0.87433728 -0.10664629  0.47345632]\n",
      " [-0.37775842 -0.46290909 -0.80188138]] 1.0000000000000004\n",
      "[[ 0.65919366  0.20580166  0.72326302]\n",
      " [-0.58040735 -0.47228635  0.66337991]\n",
      " [ 0.47811194 -0.85708301 -0.19187937]] 1.0000000000000002\n",
      "[[-0.54053698 -0.13008687 -0.83120225]\n",
      " [ 0.42566659  0.80990202 -0.40356743]\n",
      " [ 0.7256912  -0.57195815 -0.38240836]] 1.0000000000000002\n",
      "[[-0.25479211 -0.77946496  0.57228958]\n",
      " [ 0.74123967 -0.53749877 -0.4020682 ]\n",
      " [ 0.62100301  0.32175993  0.71472079]] 1.0000000000000002\n",
      "[[ 0.59816649  0.49559315  0.62974938]\n",
      " [-0.49835578  0.84544968 -0.1919801 ]\n",
      " [-0.62756543 -0.19900318  0.75270138]] 0.9999999999999998\n",
      "[[ 0.90768069  0.10824405 -0.40546144]\n",
      " [ 0.39355946  0.11586487  0.91196836]\n",
      " [ 0.14569389 -0.98734926  0.06256784]] 0.9999999999999997\n",
      "[[ 0.3302907  -0.31970795 -0.88808495]\n",
      " [-0.23797931  0.88228468 -0.40612756]\n",
      " [ 0.91338595  0.345486    0.21532655]] 1.0\n",
      "[[ 0.08523934  0.43046007  0.89857575]\n",
      " [-0.20511453  0.89012203 -0.40695308]\n",
      " [-0.97501912 -0.14962253  0.16416703]] 0.9999999999999998\n",
      "[[ 0.22844339 -0.2705561  -0.93520747]\n",
      " [-0.51429733 -0.84916971  0.12003777]\n",
      " [-0.82662681  0.45355287 -0.33313349]] 0.9999999999999998\n",
      "[[-0.61961037 -0.71348927  0.32713309]\n",
      " [ 0.69557628 -0.30602249  0.65001836]\n",
      " [-0.36367104  0.63030413  0.68590092]] 0.9999999999999998\n",
      "[[ 0.88386348  0.18972019  0.42754133]\n",
      " [-0.46660727  0.42134095  0.77765639]\n",
      " [-0.03260355 -0.88683598  0.4609327 ]] 1.0\n",
      "[[ 0.74988717 -0.28597421 -0.59656347]\n",
      " [ 0.6486093   0.1402146   0.74809481]\n",
      " [-0.13028891 -0.94792332  0.29063066]] 1.0\n",
      "[[ 0.7560813   0.22637607 -0.61408056]\n",
      " [ 0.35495294  0.64646376  0.67534659]\n",
      " [ 0.54986314 -0.72858663  0.40842631]] 1.0000000000000002\n",
      "[[-0.0308201   0.46957447 -0.88235477]\n",
      " [-0.80928999  0.50635818  0.29774335]\n",
      " [ 0.58660023  0.72325736  0.36441591]] 1.0000000000000002\n",
      "[[ 0.09619075 -0.07492539  0.99253893]\n",
      " [ 0.98139331  0.17361571 -0.08200458]\n",
      " [-0.16617613  0.98195915  0.09023151]] 1.0000000000000002\n",
      "[[ 0.83433203  0.45165932  0.31605999]\n",
      " [ 0.22874372 -0.8053      0.54696273]\n",
      " [ 0.50156393 -0.38405178 -0.77520182]] 1.0000000000000002\n",
      "[[ 0.38630079  0.62715782 -0.67634664]\n",
      " [-0.80996826 -0.12015232 -0.57403382]\n",
      " [-0.44127442  0.76956903  0.46156299]] 1.0\n",
      "[[ 0.4318455   0.24448654  0.86817959]\n",
      " [ 0.73844929 -0.64852429 -0.18468592]\n",
      " [ 0.51788233  0.72086239 -0.46060321]] 1.0000000000000002\n",
      "[[-0.19071442 -0.36678545 -0.91054733]\n",
      " [-0.79771709  0.59847491 -0.07399477]\n",
      " [ 0.57207994  0.7122473  -0.40672882]] 1.0000000000000002\n",
      "[[ 0.04752255 -0.8235897   0.56519167]\n",
      " [-0.78462235  0.3193851   0.53137644]\n",
      " [-0.61814996 -0.46871438 -0.63102889]] 1.0\n",
      "[[-0.73816998  0.57884982 -0.34646496]\n",
      " [ 0.67126431  0.68135873 -0.29181243]\n",
      " [ 0.06715135 -0.44797674 -0.89151979]] 0.9999999999999998\n",
      "[[ 0.96978997  0.09651516 -0.22403625]\n",
      " [ 0.07189641  0.76452134  0.64057632]\n",
      " [ 0.23310582 -0.6373319   0.73448603]] 0.9999999999999996\n",
      "[[-0.9387275   0.17102649  0.29923339]\n",
      " [-0.32551269 -0.72528485 -0.60663282]\n",
      " [ 0.11327916 -0.66686718  0.73651612]] 1.0000000000000002\n",
      "[[-0.00759221  0.32967132 -0.94406524]\n",
      " [-0.40785837  0.86097323  0.30393527]\n",
      " [ 0.91301364  0.38735245  0.12792251]] 1.0\n",
      "[[-0.28184772 -0.27604947  0.91888985]\n",
      " [ 0.57624095 -0.81445219 -0.06792642]\n",
      " [ 0.7671429   0.51035705  0.3886225 ]] 1.0000000000000002\n",
      "[[ 0.63048054  0.76983414 -0.09924559]\n",
      " [ 0.23627088 -0.06854563  0.96926651]\n",
      " [ 0.7393716  -0.63455252 -0.22510607]] 1.0\n",
      "[[ 0.02169721  0.20404448 -0.97872115]\n",
      " [-0.13065536  0.97113462  0.19956635]\n",
      " [ 0.9911904   0.12354513  0.04773042]] 0.9999999999999997\n",
      "[[ 0.4973574   0.79909361  0.33776473]\n",
      " [ 0.50120894 -0.58245173  0.63995279]\n",
      " [ 0.70811384 -0.14899456 -0.69019954]] 1.0000000000000002\n",
      "[[-0.73063737  0.33853634 -0.59292679]\n",
      " [-0.53953176 -0.8184662   0.19753116]\n",
      " [-0.41841906  0.46422648  0.7806531 ]] 0.9999999999999999\n",
      "[[ 0.56745421  0.45917866  0.68348422]\n",
      " [-0.79204602  0.07749677  0.60552237]\n",
      " [ 0.22507513 -0.88495718  0.40766651]] 1.0\n",
      "[[-0.88917994  0.37503826  0.26211702]\n",
      " [-0.2823677   0.00099899 -0.95930573]\n",
      " [-0.36003821 -0.92700879  0.10501041]] 1.0\n",
      "[[-0.075594   -0.25110921 -0.96500244]\n",
      " [-0.6422539  -0.72802942  0.23975632]\n",
      " [-0.76275519  0.63790072 -0.10624121]] 0.9999999999999996\n",
      "[[-0.19323779 -0.98083728  0.0248471 ]\n",
      " [ 0.52601109 -0.08218715  0.84649726]\n",
      " [-0.82823396  0.17664511  0.53181295]] 1.0000000000000004\n",
      "[[-0.0719027  -0.32500138 -0.9429762 ]\n",
      " [ 0.5637838   0.76665705 -0.30722109]\n",
      " [ 0.82278662 -0.55372473  0.1281058 ]] 1.0000000000000002\n",
      "[[ 0.72236506  0.26535126  0.63857453]\n",
      " [ 0.59409388  0.23445075 -0.7694708 ]\n",
      " [-0.35389432  0.93521204  0.01171547]] 0.9999999999999996\n",
      "[[-0.35341882 -0.88463966  0.30415098]\n",
      " [ 0.9148993  -0.25906822  0.30958509]\n",
      " [-0.19507539  0.38768071  0.90091579]] 1.0000000000000002\n",
      "[[ 0.51051182  0.78724851 -0.34585758]\n",
      " [ 0.6749101  -0.11763111  0.72846364]\n",
      " [ 0.5327983  -0.60531208 -0.59137405]] 1.0000000000000004\n",
      "[[ 0.25634771  0.45568031  0.85243258]\n",
      " [-0.07568621  0.88865684 -0.45228379]\n",
      " [-0.96361686  0.05142453  0.26229386]] 0.9999999999999998\n",
      "[[-0.81319522  0.52413517 -0.25297401]\n",
      " [-0.53379592 -0.84490348 -0.03464126]\n",
      " [-0.23189533  0.10686639  0.96685269]] 1.0\n",
      "[[-0.0169621  -0.24246449 -0.97001199]\n",
      " [ 0.88818747  0.4418728  -0.12598193]\n",
      " [ 0.45916806 -0.86368941  0.20785883]] 0.9999999999999998\n",
      "[[ 0.78652852  0.11580257  0.60659925]\n",
      " [-0.57604118 -0.21648155  0.78823365]\n",
      " [ 0.22259703 -0.9693944  -0.10356186]] 0.9999999999999997\n",
      "[[-0.12131316 -0.88124779 -0.45682102]\n",
      " [-0.79719802 -0.18770206  0.57379723]\n",
      " [-0.59140379  0.43378596 -0.67975826]] 1.0000000000000009\n",
      "[[-0.43311481  0.88462289 -0.17278281]\n",
      " [-0.53429493 -0.4063651  -0.74121275]\n",
      " [-0.72590667 -0.22871324  0.64865227]] 1.0000000000000004\n",
      "[[ 0.60171457  0.0901548  -0.79360676]\n",
      " [-0.69539764  0.54789335 -0.46501075]\n",
      " [ 0.39288892  0.83167601  0.39236884]] 0.9999999999999997\n",
      "[[ 0.41129682 -0.61148859  0.67595609]\n",
      " [ 0.50884325 -0.46124176 -0.72686628]\n",
      " [ 0.75624961  0.64291348  0.12144457]] 0.9999999999999998\n",
      "[[ 0.65527611 -0.01476877  0.75524507]\n",
      " [ 0.75507677  0.04157043 -0.65431718]\n",
      " [-0.0217324   0.99902642  0.03839167]] 1.0000000000000004\n",
      "[[-0.289996   -0.09094788 -0.9526966 ]\n",
      " [-0.90270319 -0.30462552  0.30385892]\n",
      " [-0.31785102  0.94812013  0.00624124]] 0.9999999999999996\n",
      "[[ 0.43421408 -0.22806142 -0.87146206]\n",
      " [-0.78050626 -0.57824904 -0.23756687]\n",
      " [-0.44974226  0.78333648 -0.42908724]] 1.0000000000000004\n",
      "[[-0.94138692 -0.26956693  0.20279136]\n",
      " [-0.19150764 -0.0678107  -0.97914582]\n",
      " [ 0.27769676 -0.96059116  0.01221198]] 1.0\n",
      "[[ 0.62547245 -0.62728297 -0.46400462]\n",
      " [ 0.77948387  0.47607771  0.4071301 ]\n",
      " [-0.03448352 -0.61633277  0.78673045]] 0.9999999999999999\n",
      "[[-0.91878575  0.31810518  0.23375595]\n",
      " [-0.13457384  0.30428268 -0.94302806]\n",
      " [-0.37111    -0.89789818 -0.23676196]] 0.9999999999999998\n",
      "[[ 0.39539097  0.52179098  0.75591015]\n",
      " [ 0.39821738  0.64422506 -0.65299081]\n",
      " [-0.82770097  0.55920323  0.04693454]] 0.9999999999999999\n",
      "[[ 0.02815079 -0.85660816 -0.51519899]\n",
      " [ 0.59918795 -0.39808411  0.69462424]\n",
      " [-0.80011332 -0.32825525  0.5020629 ]] 1.0\n",
      "[[-0.899697    0.25919993  0.35122743]\n",
      " [-0.06304383 -0.87333834  0.48301719]\n",
      " [ 0.4319384   0.4124264   0.80208085]] 1.0000000000000002\n",
      "[[-0.59319405  0.699931   -0.39776553]\n",
      " [-0.3134691  -0.65590161 -0.68668056]\n",
      " [-0.74152407 -0.28264762  0.60848368]] 1.0000000000000002\n",
      "[[-0.6882737   0.7192619   0.09456018]\n",
      " [-0.63907862 -0.53947086 -0.54822414]\n",
      " [-0.34330428 -0.43775965  0.83096851]] 0.9999999999999999\n",
      "[[ 0.99338457  0.11477223 -0.00379963]\n",
      " [ 0.10922461 -0.95454934 -0.27731848]\n",
      " [-0.0354554   0.27506889 -0.96077054]] 0.9999999999999993\n",
      "[[-0.1225005  -0.81190177 -0.57079693]\n",
      " [-0.99098402  0.06861911  0.1150743 ]\n",
      " [-0.05426145  0.5797473  -0.81298756]] 1.0\n",
      "[[-0.83578758  0.5472033   0.04502957]\n",
      " [ 0.09864827  0.06898141  0.99272861]\n",
      " [ 0.54011817  0.83415233 -0.11163446]] 1.0000000000000002\n",
      "[[ 0.55557052 -0.66238963  0.50257475]\n",
      " [ 0.03018434 -0.58797597 -0.80831501]\n",
      " [ 0.83092136  0.46424588 -0.30666833]] 1.0\n",
      "[[-0.35942996 -0.33616311  0.87051966]\n",
      " [-0.14416376  0.94166461  0.30411275]\n",
      " [-0.92196904 -0.01619015 -0.38692501]] 1.0\n",
      "[[ 0.66077007  0.01328553 -0.75047079]\n",
      " [ 0.14492348  0.97877113  0.14492849]\n",
      " [ 0.73646459 -0.20452525  0.64481728]] 0.9999999999999998\n",
      "[[-0.17772675 -0.89051165 -0.41881045]\n",
      " [ 0.8894806  -0.32743619  0.31876294]\n",
      " [-0.42099581 -0.31587107  0.85028701]] 1.0\n",
      "[[ 0.46369435 -0.54376973 -0.69950128]\n",
      " [ 0.21393015 -0.6974329   0.68397459]\n",
      " [-0.85977988 -0.46679957 -0.20706696]] 1.0\n",
      "[[ 0.76360342 -0.40112778  0.50597067]\n",
      " [-0.63541866 -0.60602612  0.47851381]\n",
      " [ 0.11468626 -0.68689799 -0.71764769]] 0.9999999999999998\n",
      "[[-0.29818525  0.05516373 -0.95291265]\n",
      " [-0.42041776  0.88868384  0.18300259]\n",
      " [ 0.85693317  0.45519007 -0.2418006 ]] 0.9999999999999998\n",
      "[[ 0.91915131 -0.09464339 -0.38236566]\n",
      " [ 0.30530969  0.78452029  0.53973504]\n",
      " [ 0.24889127 -0.61283811  0.74998839]] 1.0\n",
      "[[-0.22048418  0.80306475 -0.5536007 ]\n",
      " [-0.96788446 -0.25041052  0.02223146]\n",
      " [-0.12077414  0.5407232   0.83248545]] 0.9999999999999994\n",
      "[[-0.2260442  -0.970117   -0.08818746]\n",
      " [-0.04838773 -0.07923662  0.99568076]\n",
      " [-0.97291451  0.22933506 -0.02903078]] 1.0000000000000002\n",
      "[[ 0.77765945 -0.30005449  0.55246093]\n",
      " [ 0.50944749 -0.21415758 -0.83342653]\n",
      " [ 0.36838707  0.92957186 -0.01367966]] 1.0000000000000007\n",
      "[[ 0.98139211  0.18415523 -0.05437254]\n",
      " [-0.07671157  0.11643848 -0.99023099]\n",
      " [-0.17602516  0.97597589  0.12839865]] 0.9999999999999998\n",
      "[[ 0.81550463  0.5075337  -0.2781398 ]\n",
      " [-0.38745562  0.12177491 -0.91381016]\n",
      " [-0.429919    0.85298325  0.29595478]] 0.9999999999999996\n",
      "[[-0.57248406  0.45926919 -0.67921558]\n",
      " [ 0.67429786 -0.20756375 -0.70868871]\n",
      " [-0.46645942 -0.86370661 -0.19085729]] 1.0\n",
      "[[-0.6891847  -0.11432301  0.71551009]\n",
      " [ 0.34779694  0.81409023  0.4650746 ]\n",
      " [-0.63565851  0.56937452 -0.52129734]] 0.9999999999999998\n",
      "[[-0.30838127  0.88054641  0.35991528]\n",
      " [-0.6203418  -0.47298868  0.62566585]\n",
      " [ 0.72116367 -0.03032687  0.6921006 ]] 0.9999999999999999\n",
      "[[ 0.9907364  -0.10044921  0.09138571]\n",
      " [-0.12199737 -0.95394687  0.27404746]\n",
      " [ 0.05964926 -0.28265761 -0.95736442]] 1.0\n",
      "[[-0.59998577  0.423239    0.67888573]\n",
      " [ 0.6638113  -0.21024927  0.71773937]\n",
      " [ 0.44651052  0.88128542 -0.15480426]] 1.0000000000000004\n",
      "[[-0.15279042  0.2578316   0.95403247]\n",
      " [ 0.34959787 -0.88884475  0.29620321]\n",
      " [ 0.9243573   0.37878474  0.04566958]] 1.0000000000000002\n",
      "[[-0.63587333  0.26355429 -0.72539937]\n",
      " [-0.43831347  0.65029232  0.62048465]\n",
      " [ 0.63525303  0.71250196 -0.29798415]] 1.0\n",
      "[[ 0.5459293   0.43225834  0.71771438]\n",
      " [ 0.06019417 -0.87465569  0.48099281]\n",
      " [ 0.83566612 -0.21938585 -0.5035196 ]] 1.0000000000000002\n",
      "[[ 0.24327784 -0.95685976 -0.15885622]\n",
      " [-0.27289473 -0.22468242  0.93543908]\n",
      " [-0.93077621 -0.18422057 -0.31578224]] 1.0000000000000007\n",
      "[[ 0.72998743  0.02598805 -0.6829663 ]\n",
      " [-0.62122273  0.44186111 -0.64717933]\n",
      " [ 0.28495732  0.89670697  0.33869742]] 0.9999999999999998\n",
      "[[ 0.18854169  0.9819958  -0.01167415]\n",
      " [ 0.91769153 -0.18040346 -0.35397294]\n",
      " [-0.34970599  0.05602539 -0.9351828 ]] 0.9999999999999997\n",
      "[[ 0.74453013  0.60065467  0.2913569 ]\n",
      " [-0.50302522  0.2178195   0.8363733 ]\n",
      " [ 0.43890831 -0.769265    0.46431763]] 1.0000000000000002\n",
      "[[-0.58547668  0.58214915 -0.56419803]\n",
      " [-0.79148794 -0.56103974  0.24244843]\n",
      " [-0.17539637  0.58850384  0.78923972]] 1.0\n",
      "[[-0.77612392 -0.04293863 -0.62911679]\n",
      " [-0.60081683 -0.25254021  0.75844748]\n",
      " [-0.19144399  0.96663319  0.17020425]] 0.9999999999999997\n",
      "[[-0.88450825  0.24575777 -0.39654542]\n",
      " [ 0.44507874  0.18977355 -0.87515194]\n",
      " [-0.13982156 -0.95057305 -0.27723783]] 1.0000000000000004\n",
      "[[-0.65289617  0.4022074  -0.64183783]\n",
      " [ 0.32245649 -0.61915745 -0.71600689]\n",
      " [-0.68538194 -0.67444293  0.27455114]] 1.0000000000000002\n",
      "[[-0.92306376  0.33085843 -0.19617846]\n",
      " [ 0.33393727  0.43619832 -0.83559376]\n",
      " [-0.19089052 -0.83681762 -0.51312483]] 1.0\n",
      "[[ 0.71098315  0.28494233 -0.64289254]\n",
      " [-0.69599341  0.15450515 -0.70122844]\n",
      " [-0.10047946  0.94601059  0.30816854]] 0.9999999999999997\n",
      "[[ 0.2776103  -0.96053857  0.01726756]\n",
      " [ 0.15917221  0.0282627  -0.9868462 ]\n",
      " [ 0.94741582  0.27670719  0.16073707]] 0.9999999999999998\n",
      "[[ 0.36932357 -0.83649022  0.40482616]\n",
      " [ 0.91735893  0.3977791  -0.01497915]\n",
      " [-0.14850147  0.37690305  0.91427097]] 1.0000000000000004\n",
      "[[ 0.09026964  0.44538567  0.89077662]\n",
      " [ 0.62693977 -0.72037713  0.29665353]\n",
      " [ 0.77382034  0.53168448 -0.34425817]] 0.9999999999999999\n",
      "[[ 0.53835342 -0.4612762  -0.70526581]\n",
      " [-0.54654473  0.44590803 -0.70884052]\n",
      " [ 0.64145495  0.76706603 -0.01205197]] 1.0\n",
      "[[-0.29827243 -0.82558685  0.47899887]\n",
      " [ 0.85445796 -0.00731133  0.5194691 ]\n",
      " [-0.42536473  0.5642277   0.70761002]] 0.9999999999999998\n",
      "[[ 0.33647923  0.22210076 -0.91512457]\n",
      " [-0.5911364   0.80628049 -0.02166875]\n",
      " [ 0.73303444  0.54825452  0.40258848]] 1.0\n",
      "[[ 0.93165771 -0.21397702  0.2936456 ]\n",
      " [ 0.34929449  0.74998349 -0.56171   ]\n",
      " [-0.10003632  0.62589024  0.7734689 ]] 1.0\n",
      "[[-0.73446654 -0.50620547  0.45201209]\n",
      " [-0.41741615  0.86212486  0.28723595]\n",
      " [-0.53509127  0.02228805 -0.84450019]] 1.0000000000000002\n",
      "[[ 0.7344896   0.18687597 -0.65238209]\n",
      " [ 0.67044738 -0.05107958  0.74019672]\n",
      " [ 0.10500158 -0.98105466 -0.16280793]] 0.9999999999999997\n",
      "[[ 0.19188641  0.45395368 -0.87011819]\n",
      " [-0.98059464  0.12497282 -0.1510495 ]\n",
      " [ 0.04017165  0.88221758  0.46912513]] 1.0000000000000002\n",
      "[[-0.30602736 -0.92807963  0.21216845]\n",
      " [ 0.02176311  0.21598266  0.97615463]\n",
      " [-0.95177394  0.30334747 -0.0458987 ]] 0.9999999999999999\n",
      "[[ 0.46907426 -0.66327166  0.58312953]\n",
      " [-0.86424047 -0.20880601  0.45769909]\n",
      " [-0.18181788 -0.718659   -0.67117173]] 1.0\n",
      "[[-0.56882207  0.63068028 -0.52790514]\n",
      " [ 0.48679497 -0.25919072 -0.83417674]\n",
      " [-0.66292693 -0.73147971 -0.15957859]] 1.0000000000000004\n",
      "[[-0.96564456 -0.23580003 -0.10921961]\n",
      " [-0.25465637  0.94238662  0.21692763]\n",
      " [ 0.05177556  0.23728846 -0.97005849]] 1.0000000000000004\n",
      "[[ 0.94403352 -0.05200695  0.3257238 ]\n",
      " [-0.23657586 -0.79488188  0.55874383]\n",
      " [ 0.22985338 -0.60453129 -0.76269872]] 1.0\n",
      "[[ 0.07846365  0.72740328  0.68170956]\n",
      " [-0.05894582  0.68600654 -0.72520371]\n",
      " [-0.99517277  0.0167182   0.09670396]] 1.0000000000000004\n",
      "[[ 0.03881927 -0.80021632 -0.59845376]\n",
      " [-0.92552607 -0.2545649   0.28035372]\n",
      " [-0.37668895  0.54300143 -0.75050309]] 1.0000000000000002\n",
      "[[ 0.09742944 -0.92333376  0.37143274]\n",
      " [-0.44823014  0.29250635  0.84470692]\n",
      " [-0.88859284 -0.24878667 -0.38536729]] 1.0000000000000002\n",
      "[[ 0.03748319 -0.99153409 -0.12431877]\n",
      " [-0.10885979  0.11961426 -0.98683432]\n",
      " [ 0.99335017  0.05052302 -0.10345467]] 1.0000000000000002\n",
      "[[ 0.10616442 -0.4150149   0.90359933]\n",
      " [ 0.72585864 -0.588742   -0.35568538]\n",
      " [ 0.67960161  0.69364651  0.2387387 ]] 0.9999999999999996\n",
      "[[ 0.01569764 -0.89659297  0.44257725]\n",
      " [ 0.73754284  0.30924849  0.60032985]\n",
      " [-0.67511787  0.31699592  0.6661302 ]] 1.0\n",
      "[[-0.69791463 -0.61238925 -0.37134159]\n",
      " [-0.60957544  0.23576329  0.75685762]\n",
      " [-0.37594276  0.75458272 -0.53784009]] 0.9999999999999999\n",
      "[[-0.87184292  0.2071989  -0.44380012]\n",
      " [ 0.35053793 -0.36887169 -0.86084658]\n",
      " [-0.34207176 -0.90609177  0.2489671 ]] 0.9999999999999997\n",
      "[[-0.46645046  0.18195269 -0.86563109]\n",
      " [-0.62723896 -0.7580604   0.17864974]\n",
      " [-0.62369485  0.6262888   0.46772543]] 0.9999999999999999\n",
      "[[ 0.75433696 -0.63921781 -0.14958726]\n",
      " [ 0.64855129  0.7609372   0.01886254]\n",
      " [ 0.10176924 -0.11124372  0.98856859]] 1.0000000000000002\n",
      "[[-0.42528289  0.90199382 -0.07444205]\n",
      " [-0.81632794 -0.3467706   0.46190782]\n",
      " [ 0.39082368  0.25721062  0.88379836]] 0.9999999999999997\n",
      "[[ 0.90063478  0.43274092 -0.0399034 ]\n",
      " [-0.36473092  0.80261352  0.47199883]\n",
      " [ 0.23628022 -0.41054456  0.88069565]] 1.0\n",
      "[[-0.57251515 -0.6945514  -0.43568882]\n",
      " [ 0.57552787  0.0380312  -0.81689736]\n",
      " [ 0.58394698 -0.71843718  0.37796025]] 0.9999999999999998\n",
      "[[ 0.41386008 -0.64180455 -0.64560572]\n",
      " [ 0.5808828  -0.35986624  0.73011743]\n",
      " [-0.70092439 -0.67718772  0.22387895]] 0.9999999999999996\n",
      "[[ 0.65739366 -0.72626759 -0.20092029]\n",
      " [ 0.14479405 -0.13991888  0.97951896]\n",
      " [-0.73950541 -0.67302162  0.01317744]] 0.9999999999999999\n",
      "[[-0.04076663 -0.43218851 -0.90086135]\n",
      " [ 0.81941086 -0.53039066  0.21737433]\n",
      " [-0.57175513 -0.72931395  0.3757622 ]] 1.0\n",
      "[[ 0.80723483 -0.0200121   0.58989104]\n",
      " [ 0.28910478 -0.85791794 -0.42472961]\n",
      " [ 0.51457784  0.51339685 -0.68675565]] 1.0000000000000002\n",
      "[[ 0.88031369 -0.46522095  0.09282924]\n",
      " [ 0.27656488  0.66227738  0.696348  ]\n",
      " [-0.38543438 -0.58733138  0.71167562]] 1.0000000000000002\n",
      "[[-0.33061534  0.77085509  0.54449603]\n",
      " [-0.91593358 -0.12299998 -0.38201661]\n",
      " [-0.22750644 -0.62502275  0.74671774]] 1.0\n",
      "[[ 0.11812354  0.7572042  -0.64240846]\n",
      " [ 0.19082508  0.61757021  0.76301561]\n",
      " [ 0.97449095 -0.21271776 -0.07154397]] 1.0\n",
      "[[ 0.51454015 -0.85511681  0.06343246]\n",
      " [-0.80199169 -0.45375658  0.38847689]\n",
      " [-0.30341023 -0.25075926 -0.91927255]] 1.0000000000000002\n",
      "[[-0.99875596 -0.03171734 -0.0384778 ]\n",
      " [ 0.02842511 -0.99612046  0.0832829 ]\n",
      " [-0.04097004  0.08208556  0.99578282]] 1.0000000000000002\n",
      "[[-0.9685855  -0.151172    0.19745671]\n",
      " [-0.24826075  0.54167545 -0.80309047]\n",
      " [ 0.01444735 -0.82688254 -0.56218906]] 0.9999999999999998\n",
      "[[ 0.57535074  0.1160459  -0.80963256]\n",
      " [-0.25558737  0.96582048 -0.04319599]\n",
      " [ 0.77694699  0.2317847   0.58534539]] 0.9999999999999999\n",
      "[[ 0.48998228  0.18747498  0.85133454]\n",
      " [-0.38636126  0.92214558  0.01930022]\n",
      " [-0.78143607 -0.33837945  0.52426807]] 1.0\n",
      "[[-0.6153286  -0.53953003 -0.57469823]\n",
      " [-0.78826833  0.42295238  0.44692765]\n",
      " [ 0.0019391   0.72802378 -0.68554913]] 1.0000000000000004\n",
      "[[ 0.25835681 -0.02847012 -0.96562996]\n",
      " [ 0.92127191 -0.29353043  0.25514299]\n",
      " [-0.29070573 -0.95552569 -0.04960686]] 1.0000000000000002\n",
      "[[-0.84223263 -0.46424338 -0.27408444]\n",
      " [ 0.52038734 -0.83290549 -0.18832275]\n",
      " [-0.14085885 -0.30124164  0.94308656]] 1.0000000000000004\n",
      "[[ 0.2304702  -0.7995773  -0.55458059]\n",
      " [ 0.58074643 -0.34427266  0.73770585]\n",
      " [-0.78077979 -0.49208991  0.38500707]] 0.9999999999999997\n",
      "[[ 0.99305682 -0.11201634 -0.03592351]\n",
      " [ 0.10525532  0.70973067  0.69656564]\n",
      " [-0.05253072 -0.6955104   0.7165932 ]] 0.9999999999999998\n",
      "[[ 0.81905712  0.237364    0.5223062 ]\n",
      " [-0.16825255  0.96974829 -0.17685963]\n",
      " [-0.54848566  0.05697879  0.83421634]] 0.9999999999999998\n",
      "[[ 0.98903611 -0.0430898  -0.14124748]\n",
      " [ 0.10842625  0.86125064  0.49647869]\n",
      " [ 0.10025632 -0.50635029  0.85648004]] 1.0000000000000004\n",
      "[[-0.63975614  0.31589933  0.70065661]\n",
      " [ 0.1845533   0.94809594 -0.2589482 ]\n",
      " [-0.74609125 -0.03635521 -0.66485046]] 1.0\n",
      "[[ 0.34311538 -0.91993933 -0.18969309]\n",
      " [-0.54276747 -0.0293598  -0.83936969]\n",
      " [ 0.76659984  0.39095989 -0.50938694]] 1.0000000000000002\n",
      "[[-0.64638027 -0.62328063  0.44012929]\n",
      " [ 0.75934759 -0.58195814  0.29106007]\n",
      " [ 0.07472472  0.5223466   0.84945291]] 1.0000000000000002\n",
      "[[ 0.37345144 -0.63516723 -0.6760892 ]\n",
      " [ 0.63699976 -0.35423412  0.68465283]\n",
      " [-0.6743629  -0.68635325  0.27231213]] 1.0000000000000002\n",
      "[[ 0.05664729 -0.76517256  0.64132833]\n",
      " [ 0.99517231  0.09483906  0.02525139]\n",
      " [-0.08014465  0.63680177  0.76685092]] 0.9999999999999998\n",
      "[[-0.11118485  0.25637899 -0.96016027]\n",
      " [ 0.34110106  0.91730358  0.20543663]\n",
      " [ 0.93342809 -0.30467025 -0.18944141]] 0.9999999999999998\n",
      "[[ 0.23330466 -0.23322728  0.94402011]\n",
      " [ 0.81824962  0.57161757 -0.06099937]\n",
      " [-0.52539176  0.78667553  0.32419917]] 1.0\n",
      "[[ 0.22552621 -0.88495784  0.4074157 ]\n",
      " [ 0.93836617  0.30974873  0.15337751]\n",
      " [-0.26192913  0.34771446  0.90027095]] 1.0000000000000004\n",
      "[[-0.83028234 -0.44038441 -0.34160329]\n",
      " [ 0.48585802 -0.87221151 -0.05647187]\n",
      " [-0.27308099 -0.2128583   0.93814611]] 0.9999999999999998\n",
      "[[-0.87029758 -0.34169159  0.35472381]\n",
      " [ 0.46057438 -0.30942133  0.83194331]\n",
