{
 "cells": [
  {
   "cell_type": "markdown",
   "id": "f80aa27b",
   "metadata": {},
   "source": [
    "Consider different random orthogonal matrices. Fix eigenvalue (eg assuming two to be the same) and consider the error in the approximation of dR by dC and dE.\n",
    "\n",
    "See details on random orthogonal matrices from Nick Higham https://nhigham.com/2020/04/22/what-is-a-random-orthogonal-matrix/"
   ]
  },
  {
   "cell_type": "code",
   "execution_count": 6,
   "id": "fce6bebc",
   "metadata": {},
   "outputs": [],
   "source": [
    "from time import time\n",
    "import numpy as np\n",
    "import os\n",
    "import sys\n",
    "from matplotlib import pyplot as plt\n",
    "from scipy.stats import ortho_group\n",
    "# include the src path\n",
    "sys.path.insert(0, \"src\")\n",
    "from EigenValueDecomposition import *\n",
    "from MinMaxthetafromQRQI import *\n",
    "from SortEigenValues import *\n",
    "from AnglesSortedQRQI import *\n",
    "from SplitTensor import *\n",
    "from Fmeasure import *\n",
    "from Commeasure import *"
   ]
  },
  {
   "cell_type": "code",
   "execution_count": 7,
   "id": "761d4bfb",
   "metadata": {},
   "outputs": [],
   "source": [
    "# Fix number of cases to be considered and fix some eigenvalues.\n",
    "N=1000\n",
    "uR=[2,4,5]\n",
    "uRtilde=uR\n",
    "uI=[3,5,7]\n",
    "MultR=[1,1,1]\n",
    "MultI=[1,1,1]\n",
    "MultRtilde=[1,1,1]\n",
    "\n",
    "N0=np.zeros((3,3))\n",
    "Rstore=np.zeros((N,9))\n",
    "Istore=np.zeros((N,9))\n",
    "Mlist=np.zeros(9, dtype=complex)\n",
    "TensorArray=np.zeros((N,9),dtype=complex)\n",
    "Frequencies=np.zeros(N)\n",
    "URstore=np.zeros((N,3))\n",
    "UIstore=np.zeros((N,3))\n",
    "URtildestore=np.zeros((N,3))\n",
    "QRstore=np.zeros((N,3,3))\n",
    "QIstore=np.zeros((N,3,3))\n",
    "QRtildestore=np.zeros((N,3,3))\n",
    "MultRstore=np.zeros(N)\n",
    "MultIstore=np.zeros(N)\n",
    "MultRtildestore=np.zeros(N)\n"
   ]
  },
  {
   "cell_type": "code",
   "execution_count": 8,
   "id": "89b9fdc2",
   "metadata": {
    "scrolled": false
   },
   "outputs": [
    {
     "name": "stdout",
     "output_type": "stream",
     "text": [
      "[[ 0.0272404  -0.95984905 -0.27919126]\n",
      " [ 0.7396364  -0.16852963  0.65156409]\n",
      " [-0.67245517 -0.22424889  0.70534848]] 1.0\n",
      "[[ 0.13214499  0.58426958 -0.8007289 ]\n",
      " [ 0.10422696 -0.81152517 -0.57494665]\n",
      " [-0.98573548 -0.00748122 -0.16813562]] 1.0\n",
      "[[ 0.71053369 -0.48198394  0.51267276]\n",
      " [-0.04382507 -0.75747419 -0.65139252]\n",
      " [ 0.70229712  0.44036841 -0.55933391]] 0.9999999999999993\n",
      "[[ 0.69192289  0.68785422  0.21931547]\n",
      " [-0.30126981 -0.00097441  0.95353844]\n",
      " [ 0.65610915 -0.7258482   0.2065555 ]] 1.0000000000000002\n",
      "[[-0.15479569  0.52539718  0.8366577 ]\n",
      " [ 0.92246759 -0.22631103  0.31278883]\n",
      " [ 0.35368324  0.82020797 -0.4496299 ]] 0.9999999999999999\n",
      "[[-0.38232367 -0.60550928  0.69798791]\n",
      " [-0.09847678 -0.72437268 -0.68233902]\n",
      " [ 0.91876598 -0.32960996  0.21731622]] 0.9999999999999999\n",
      "[[-0.21689135 -0.36994855 -0.90338044]\n",
      " [ 0.96351205  0.06756486 -0.25899715]\n",
      " [ 0.15685239 -0.92659218  0.34179565]] 1.0000000000000002\n",
      "[[ 0.33467752 -0.48569928 -0.80751914]\n",
      " [-0.60918333 -0.76531055  0.20783509]\n",
      " [-0.71894828  0.42236947 -0.55201215]] 1.0000000000000002\n",
      "[[-0.12929865 -0.97707121  0.16915586]\n",
      " [ 0.06046815  0.16250129  0.98485376]\n",
      " [-0.9897603   0.13756881  0.0380705 ]] 0.9999999999999994\n",
      "[[-0.15758294 -0.98044964 -0.11783939]\n",
      " [-0.90798846  0.09694443  0.40762573]\n",
      " [-0.38823263  0.17123167 -0.90551375]] 1.0000000000000004\n",
      "[[ 0.83008126 -0.48572752 -0.27392312]\n",
      " [ 0.24535989 -0.12298199  0.96159968]\n",
      " [-0.50076305 -0.86541562  0.01709301]] 1.0\n",
      "[[ 0.11512601 -0.81391812 -0.56945877]\n",
      " [ 0.84123087 -0.22498801  0.49164115]\n",
      " [-0.52827703 -0.53564698  0.65879108]] 1.0000000000000002\n",
      "[[-0.40123506  0.40587249 -0.82114429]\n",
      " [-0.13697615 -0.9129765  -0.38433247]\n",
      " [-0.90567542 -0.04173048  0.42191303]] 1.0\n",
      "[[ 0.82235592  0.54368513  0.16774154]\n",
      " [-0.13159343  0.46856392 -0.87357371]\n",
      " [-0.55354667  0.69631482  0.45687171]] 1.0000000000000004\n",
      "[[-0.55232725  0.83008162 -0.07680565]\n",
      " [-0.05715625 -0.12962576 -0.9899143 ]\n",
      " [-0.83166566 -0.54236672  0.1190402 ]] 1.0000000000000002\n",
      "[[ 0.12642694 -0.04087567 -0.9911334 ]\n",
      " [ 0.85355645  0.51356645  0.08769774]\n",
      " [ 0.50542816 -0.85707565  0.09981833]] 1.0000000000000002\n",
      "[[-0.71598515  0.07627111 -0.69393658]\n",
      " [ 0.69809359  0.08609843 -0.71081109]\n",
      " [ 0.0055325  -0.99336286 -0.11488957]] 0.9999999999999996\n",
      "[[-0.35032716  0.89388674 -0.27970946]\n",
      " [ 0.14280399 -0.24416762 -0.95916067]\n",
      " [-0.925677   -0.37596366 -0.04211205]] 0.9999999999999998\n",
      "[[-0.72690178 -0.43933029  0.52782829]\n",
      " [-0.56220301  0.82208884 -0.08998729]\n",
      " [-0.3943876  -0.36215857 -0.84457065]] 1.0\n",
      "[[-0.26879831  0.94654742  0.1783128 ]\n",
      " [-0.4291295   0.04805088 -0.90196396]\n",
      " [-0.86231974 -0.31896567  0.39327542]] 1.0000000000000002\n",
      "[[-0.71686488 -0.33374248  0.61214435]\n",
      " [-0.66547144  0.06563149 -0.74353229]\n",
      " [ 0.20797236 -0.94037677 -0.269145  ]] 0.9999999999999994\n",
      "[[-0.1806602  -0.18584835  0.96582725]\n",
      " [-0.38577393 -0.8899074  -0.24339944]\n",
      " [ 0.90473221 -0.41656357  0.08907541]] 1.0000000000000002\n",
      "[[-0.01086096  0.80100916  0.59855356]\n",
      " [-0.17016807 -0.59133803  0.78826529]\n",
      " [ 0.9853552  -0.09329339  0.14272868]] 1.0000000000000002\n",
      "[[-0.59100018  0.25369276 -0.76574067]\n",
      " [-0.78353655  0.04517395  0.61970137]\n",
      " [ 0.19180528  0.96622942  0.17207974]] 1.0\n",
      "[[-0.69876447  0.38298463 -0.6041945 ]\n",
      " [ 0.65304959 -0.00322115 -0.7573083 ]\n",
      " [-0.29198364 -0.9237491  -0.24785713]] 0.9999999999999998\n",
      "[[-0.16201205 -0.18083434  0.97007785]\n",
      " [-0.27796534 -0.93489435 -0.22069851]\n",
      " [ 0.94683017 -0.30540384  0.10119847]] 1.0000000000000002\n",
      "[[ 0.1174576   0.83686952  0.53465233]\n",
      " [ 0.97524502  0.00436518 -0.2210839 ]\n",
      " [-0.18735223  0.54738501 -0.81564011]] 1.0\n",
      "[[ 0.00127762 -0.9987551  -0.04986591]\n",
      " [-0.89761013  0.02083497 -0.44029759]\n",
      " [ 0.44078842  0.04532268 -0.89646608]] 0.9999999999999998\n",
      "[[-0.45098216  0.72807791  0.51625347]\n",
      " [-0.42931013  0.33015297 -0.84064964]\n",
      " [-0.78250105 -0.60075084  0.16367812]] 0.9999999999999999\n",
      "[[-0.61643929  0.63605593  0.46415025]\n",
      " [-0.27258549 -0.72540458  0.63204853]\n",
      " [ 0.73871494  0.26309892  0.6205475 ]] 0.9999999999999999\n",
      "[[ 0.98188075  0.02428583 -0.18793718]\n",
      " [-0.09058631 -0.81094845 -0.57806291]\n",
      " [-0.1664461   0.58461338 -0.79405472]] 1.0000000000000002\n",
      "[[ 0.69356776  0.68214441 -0.23160908]\n",
      " [ 0.72037915 -0.65860797  0.21746129]\n",
      " [-0.00419958 -0.31767049 -0.94819187]] 1.0\n",
      "[[-0.05769948  0.15302298  0.98653674]\n",
      " [-0.99105209 -0.12791574 -0.0381224 ]\n",
      " [ 0.12035998 -0.97990894  0.15903441]] 1.0000000000000002\n",
      "[[-0.93130626 -0.28178373 -0.23079552]\n",
      " [-0.30964947  0.27884977  0.90904346]\n",
      " [-0.19179638  0.91806358 -0.34694872]] 0.9999999999999999\n",
      "[[ 0.7625267  -0.5665755  -0.31232233]\n",
      " [-0.58270016 -0.39171036 -0.71205583]\n",
      " [ 0.2810935   0.72495186 -0.62883325]] 1.0000000000000002\n",
      "[[-0.80653157 -0.45786826 -0.37398326]\n",
      " [ 0.17329753  0.42169986 -0.8900209 ]\n",
      " [ 0.56522101 -0.78264033 -0.26076681]] 0.9999999999999998\n",
      "[[ 0.38454039  0.2147132   0.89779003]\n",
      " [ 0.64558411  0.6326134  -0.42781006]\n",
      " [-0.65981046  0.74410922  0.10464997]] 1.0\n",
      "[[ 0.87268672  0.14099535 -0.46748069]\n",
      " [-0.14215002 -0.84257039 -0.5194887 ]\n",
      " [-0.46713088  0.51980328 -0.7152575 ]] 1.0000000000000002\n",
      "[[ 0.0780482   0.07350679  0.994236  ]\n",
      " [ 0.98495777  0.14852985 -0.0883011 ]\n",
      " [-0.15416445  0.98617221 -0.06080859]] 0.9999999999999998\n",
      "[[ 0.61592786 -0.66360041  0.42457905]\n",
      " [ 0.16223121  0.63423037  0.75593179]\n",
      " [-0.77091757 -0.39671948  0.49829685]] 1.0\n",
      "[[-0.32589991  0.89361008  0.30862643]\n",
      " [-0.17844753  0.26243675 -0.94830556]\n",
      " [-0.92841032 -0.36412632  0.0739344 ]] 1.0000000000000002\n",
      "[[-0.43759679  0.86519074  0.24485512]\n",
      " [-0.13352834 -0.33182064  0.93384434]\n",
      " [ 0.88920146  0.37595219  0.26073113]] 0.9999999999999997\n",
      "[[ 0.20483238  0.29847126  0.93217949]\n",
      " [ 0.9485481  -0.29546646 -0.11382477]\n",
      " [ 0.24145435  0.90753208 -0.34363544]] 0.9999999999999998\n",
      "[[-0.27626928 -0.95508343  0.1071957 ]\n",
      " [ 0.38423633 -0.00752728  0.92320409]\n",
      " [-0.88093004  0.29624141  0.36905731]] 0.9999999999999999\n",
      "[[-0.96763853 -0.21613023  0.13024358]\n",
      " [-0.23781428  0.95366893 -0.18428224]\n",
      " [-0.0843803  -0.20929238 -0.97420566]] 0.9999999999999997\n",
      "[[ 0.23923556 -0.69493635 -0.67810752]\n",
      " [-0.76528533 -0.56478094  0.30880551]\n",
      " [-0.59758238  0.44506848 -0.66694029]] 1.0\n",
      "[[-0.61096719  0.60439464 -0.51129856]\n",
      " [-0.7837286  -0.5529472   0.28287608]\n",
      " [-0.11175232  0.5735473   0.81151396]] 1.0000000000000002\n",
      "[[ 0.72342334  0.39490611 -0.56631072]\n",
      " [-0.56149672 -0.14074716 -0.81542116]\n",
      " [-0.40172142  0.90787631  0.1199187 ]] 1.0\n",
      "[[ 0.68834418 -0.56230215 -0.45825602]\n",
      " [ 0.3691608   0.81536663 -0.44597934]\n",
      " [ 0.62442181  0.13781712  0.76883278]] 1.0\n",
      "[[-0.30150716 -0.75490529 -0.5824186 ]\n",
      " [ 0.72331893  0.21688719 -0.65556821]\n",
      " [ 0.62121105 -0.61893291  0.48064425]] 0.9999999999999998\n",
      "[[-0.11860788 -0.40678367  0.90579204]\n",
      " [ 0.07298344  0.90619225  0.41652013]\n",
      " [-0.99025531  0.11551039 -0.07779308]] 0.9999999999999997\n",
      "[[-0.54046009 -0.67631509  0.50050053]\n",
      " [-0.64877933  0.71375221  0.26389993]\n",
      " [-0.53571287 -0.18208702 -0.82453383]] 0.9999999999999997\n",
      "[[ 0.07088333  0.15072093  0.98603182]\n",
      " [ 0.12009829 -0.98261674  0.14156535]\n",
      " [ 0.99022823  0.10838611 -0.08775247]] 1.0\n",
      "[[ 0.03852874 -0.69045431  0.72234921]\n",
      " [-0.20846601 -0.71253392 -0.66995323]\n",
      " [ 0.97727041 -0.1247728  -0.17138928]] 0.9999999999999998\n",
      "[[-0.81246828 -0.57259349  0.10969044]\n",
      " [ 0.57810625 -0.81559295  0.02452155]\n",
      " [ 0.07542187  0.08333572  0.99366327]] 0.9999999999999998\n",
      "[[ 0.7535292   0.56580565 -0.33475024]\n",
      " [ 0.2659263  -0.72800612 -0.63189421]\n",
      " [-0.60122953  0.38713184 -0.69903647]] 0.9999999999999997\n",
      "[[ 0.60137257 -0.75849682 -0.25106492]\n",
      " [-0.26580246  0.10640564 -0.9581372 ]\n",
      " [ 0.75345875  0.64293111 -0.13762089]] 1.0\n",
      "[[ 0.1531634   0.44545871 -0.88210403]\n",
      " [-0.75394627 -0.5243772  -0.39571905]\n",
      " [-0.63883174  0.72566872  0.25553653]] 1.0000000000000004\n",
      "[[ 0.24943701  0.59994849 -0.76015984]\n",
      " [-0.89283874  0.44644506  0.05937831]\n",
      " [ 0.37499354  0.66388901  0.64701718]] 1.0\n",
      "[[ 0.18961372  0.93928904  0.28597682]\n",
      " [ 0.58370835 -0.34203964  0.73640576]\n",
      " [ 0.78951327  0.02729442 -0.61312626]] 0.9999999999999998\n",
      "[[-0.82975604  0.52478365  0.1900185 ]\n",
      " [-0.53333777 -0.64519832 -0.54705571]\n",
      " [-0.16448628 -0.55526683  0.81524414]] 1.0\n",
      "[[ 0.34154111  0.82517443  0.4499298 ]\n",
      " [ 0.3026043  -0.54977094  0.77857727]\n",
      " [ 0.88982038 -0.12976545 -0.4374707 ]] 1.0\n",
      "[[-0.08878     0.07520005 -0.99320847]\n",
      " [ 0.34787465  0.9366948   0.03982566]\n",
      " [ 0.9333281  -0.34197632 -0.10931996]] 1.0000000000000002\n",
      "[[ 0.79121093 -0.48158981  0.37690387]\n",
      " [-0.28961302  0.2477461   0.92452483]\n",
      " [-0.5386182  -0.84065042  0.05654474]] 0.9999999999999999\n",
      "[[-0.19860407  0.50898187  0.83755231]\n",
      " [-0.71101608  0.51334209 -0.48055805]\n",
      " [-0.67454619 -0.69095395  0.25994247]] 1.0000000000000004\n",
      "[[ 0.49604    -0.68323233  0.5358525 ]\n",
      " [-0.66397249 -0.69614971 -0.27297639]\n",
      " [ 0.55953986 -0.22038411 -0.79896557]] 1.0000000000000002\n",
      "[[ 0.5244414   0.76949731 -0.3644655 ]\n",
      " [-0.74175314  0.62307183  0.24816078]\n",
      " [ 0.41804724  0.14019764  0.89754171]] 1.0000000000000004\n",
      "[[-0.97003806  0.10420338 -0.21947167]\n",
      " [ 0.23520444  0.17645982 -0.95579329]\n",
      " [-0.06086896 -0.97877658 -0.19568184]] 0.9999999999999996\n",
      "[[-0.25666464  0.65271653  0.71280039]\n",
      " [-0.96588037 -0.14680908 -0.21335935]\n",
      " [-0.0346176  -0.7432417   0.66812678]] 0.9999999999999998\n",
      "[[ 0.81812119  0.30564797  0.48709038]\n",
      " [ 0.31080561 -0.94769341  0.07264343]\n",
      " [ 0.48381566  0.0919593  -0.87032516]] 1.0000000000000004\n",
      "[[-0.42535285  0.70192499 -0.57129349]\n",
      " [-0.88639001 -0.19565641  0.41956087]\n",
      " [ 0.18272302  0.68485026  0.70540231]] 0.9999999999999998\n",
      "[[ 0.42196291 -0.1635953   0.89173083]\n",
      " [-0.62200004 -0.76783148  0.15346259]\n",
      " [ 0.65959325 -0.61941213 -0.42575269]] 0.9999999999999999\n",
      "[[-0.79921145  0.57963964 -0.15899353]\n",
      " [ 0.5612417   0.81436297  0.14771833]\n",
      " [ 0.21510184  0.02882439 -0.97616615]] 0.9999999999999998\n",
      "[[-0.14333441  0.91503034 -0.37706065]\n",
      " [ 0.98670007  0.10260998 -0.12607209]\n",
      " [-0.0766696  -0.39011623 -0.91756803]] 1.0\n",
      "[[-0.32393686  0.72065552  0.61296046]\n",
      " [ 0.62623607  0.6489737  -0.43204342]\n",
      " [-0.70914969  0.24390317 -0.66152699]] 1.0\n",
      "[[-0.76696858 -0.1632921   0.62056014]\n",
      " [-0.08433303 -0.93304076 -0.34974687]\n",
      " [ 0.63611881 -0.32057858  0.70184203]] 1.0\n",
      "[[ 0.33121725  0.77763061 -0.53440225]\n",
      " [-0.73738228  0.56669284  0.3675957 ]\n",
      " [ 0.5886956   0.27230472  0.76110948]] 1.0000000000000002\n",
      "[[-0.97820421 -0.13565629 -0.15720654]\n",
      " [-0.2015892   0.4389182   0.87562127]\n",
      " [-0.04978272  0.88822755 -0.45669848]] 0.9999999999999998\n",
      "[[-0.94708036  0.20237132 -0.24916789]\n",
      " [ 0.32077779  0.62532998 -0.71138177]\n",
      " [ 0.01184888 -0.75366323 -0.65715397]] 0.9999999999999999\n",
      "[[-0.3559578   0.67258053  0.64879078]\n",
      " [-0.68164265  0.28805391 -0.67259813]\n",
      " [-0.63926312 -0.68166002  0.35592453]] 1.0000000000000002\n",
      "[[-0.24688738  0.75267637  0.61034819]\n",
      " [-0.20222094  0.57596162 -0.79207001]\n",
      " [-0.94770951 -0.31897727  0.01000926]] 0.9999999999999999\n",
      "[[-0.83649955  0.35790214 -0.41493923]\n",
      " [ 0.10501711  0.84790489  0.51964287]\n",
      " [ 0.53781029  0.3911053  -0.7468579 ]] 1.0000000000000007\n",
      "[[ 0.86388185  0.48622123 -0.13151832]\n",
      " [ 0.06840405 -0.37193766 -0.92573391]\n",
      " [-0.4990281   0.79072833 -0.35456969]] 0.9999999999999998\n",
      "[[ 0.5743123   0.30054789 -0.76146986]\n",
      " [ 0.38306709  0.7233864   0.57443166]\n",
      " [ 0.72348116 -0.62159721  0.3003197 ]] 1.0\n",
      "[[ 0.8965958   0.1413933   0.41967119]\n",
      " [-0.41104869 -0.08692247  0.9074599 ]\n",
      " [ 0.1647876  -0.98613002 -0.01981479]] 1.0000000000000002\n",
      "[[-0.37076525  0.87816071 -0.30226958]\n",
      " [-0.08823229 -0.35730077 -0.92981247]\n",
      " [-0.92452593 -0.31807222  0.20995684]] 1.0\n",
      "[[ 0.91709024  0.15714722  0.36640175]\n",
      " [-0.33544455 -0.19252376  0.92217762]\n",
      " [ 0.21545869 -0.96862756 -0.12384748]] 1.0\n",
      "[[-0.73449967  0.67046873 -0.10479464]\n",
      " [ 0.5006751   0.63965142  0.58324138]\n",
      " [ 0.45807715  0.37592253 -0.80551075]] 0.9999999999999998\n",
      "[[ 0.16107679  0.59715028 -0.78578993]\n",
      " [ 0.03041033 -0.79881158 -0.60081218]\n",
      " [-0.98647325  0.07288077 -0.14682954]] 1.0000000000000002\n",
      "[[ 0.73157822  0.67428057 -0.10069271]\n",
      " [ 0.64830924 -0.73375023 -0.20323811]\n",
      " [-0.21092281  0.08340456 -0.97393801]] 1.0\n",
      "[[ 0.03430905  0.88227564 -0.46948119]\n",
      " [-0.26482467 -0.44493996 -0.8555094 ]\n",
      " [-0.96368604  0.15368192  0.21838289]] 0.9999999999999996\n",
      "[[ 0.56151622 -0.42692221  0.70882788]\n",
      " [-0.02912486 -0.86629133 -0.49868936]\n",
      " [ 0.82695301  0.25937765 -0.49887068]] 1.0000000000000002\n",
      "[[ 0.98322412 -0.15783188  0.09142992]\n",
      " [ 0.17696954  0.94686413 -0.26857047]\n",
      " [-0.04418273  0.28024528  0.95891109]] 1.0\n",
      "[[-0.27426674  0.65483719 -0.70424855]\n",
      " [ 0.11960293  0.74987263  0.65068132]\n",
      " [ 0.95418703  0.09423006 -0.28398556]] 0.9999999999999999\n",
      "[[ 0.80163842  0.59126176 -0.08823477]\n",
      " [-0.49373425  0.57161044 -0.65535334]\n",
      " [-0.33704945  0.56892095  0.75015107]] 1.0000000000000004\n",
      "[[ 0.16063714  0.77990009 -0.6049393 ]\n",
      " [ 0.00962318  0.61163202  0.79108385]\n",
      " [ 0.98696662 -0.13289889  0.0907457 ]] 1.0\n",
      "[[-0.45018102  0.89166756 -0.04760261]\n",
      " [ 0.74457796  0.34542422 -0.57121429]\n",
      " [-0.49289016 -0.29259369 -0.81941944]] 1.0000000000000004\n",
      "[[ 0.72490553 -0.56069406 -0.40016765]\n",
      " [ 0.29485348  0.77757618 -0.55537079]\n",
      " [ 0.62255393  0.28460054  0.72899186]] 1.0\n",
      "[[-0.39866689 -0.48976263 -0.77536912]\n",
      " [-0.41057716  0.85131597 -0.32663053]\n",
      " [ 0.82005555  0.18813207 -0.54047685]] 1.0\n",
      "[[-0.3835002   0.27737192  0.88090431]\n",
      " [-0.10064447 -0.96070473  0.25868342]\n",
      " [ 0.91804046  0.01054699  0.39634641]] 0.9999999999999998\n",
      "[[ 0.38810281  0.24828212  0.88754279]\n",
      " [ 0.30393472  0.87467288 -0.37758581]\n",
      " [-0.87005741  0.41629718  0.26400144]] 1.0000000000000004\n",
      "[[ 0.21100093  0.83861397  0.50220038]\n",
      " [-0.45766157  0.53873161 -0.70732888]\n",
      " [-0.8637271  -0.08059076  0.49747425]] 0.9999999999999994\n",
      "[[-0.41557401 -0.19708067 -0.88795127]\n",
      " [-0.04394972 -0.97075202  0.2360274 ]\n",
      " [-0.90849693  0.13711206  0.39475767]] 1.0\n",
      "[[ 0.23637874 -0.41342626  0.87932009]\n",
      " [-0.14502251 -0.90984064 -0.38879105]\n",
      " [ 0.96077758 -0.03561927 -0.27502309]] 0.9999999999999998\n",
      "[[-0.14882577 -0.037206   -0.98816325]\n",
      " [ 0.97734719  0.14652964 -0.15271387]\n",
      " [ 0.15047708 -0.98850634  0.01455579]] 0.9999999999999997\n",
      "[[-0.59970014  0.78458535  0.15743433]\n",
      " [ 0.7046988   0.61100687 -0.36065247]\n",
      " [-0.3791561  -0.10533956 -0.91931726]] 1.0\n",
      "[[-0.38407573  0.34216679  0.85755916]\n",
      " [ 0.84887112 -0.23448609  0.47374475]\n",
      " [ 0.36318542  0.90991107 -0.20039509]] 1.0000000000000002\n",
      "[[ 0.32171549  0.27007712  0.90750068]\n",
      " [-0.59824426  0.80088322 -0.02626532]\n",
      " [-0.73389573 -0.53445712  0.41922863]] 1.0\n",
      "[[ 0.71233118  0.4891955  -0.50326142]\n",
      " [ 0.64616947 -0.73700944  0.19819711]\n",
      " [-0.27395128 -0.46637415 -0.841098  ]] 1.0\n",
      "[[ 0.31197875 -0.23683344 -0.92009738]\n",
      " [ 0.94633212 -0.00857714  0.32308196]\n",
      " [-0.08440842 -0.97151241  0.2214472 ]] 0.9999999999999999\n",
      "[[ 0.31724979 -0.71481521 -0.62321087]\n",
      " [ 0.19404464 -0.59432554  0.78046386]\n",
      " [-0.92827757 -0.36853273 -0.04984359]] 0.9999999999999996\n",
      "[[ 0.3555413  -0.57392053 -0.73770292]\n",
      " [ 0.16235945 -0.73935046  0.65345261]\n",
      " [-0.92045086 -0.35210243 -0.16968821]] 0.9999999999999998\n",
      "[[-0.50429396 -0.81634116 -0.28155765]\n",
      " [ 0.64425092 -0.13856489 -0.75215725]\n",
      " [ 0.57500292 -0.56070213  0.59580598]] 0.9999999999999998\n",
      "[[-0.08061925  0.4321741   0.89817932]\n",
      " [ 0.96092155 -0.20571405  0.18523368]\n",
      " [ 0.2648213   0.87801326 -0.39870089]] 0.9999999999999997\n",
      "[[ 0.92404984  0.09484656  0.37031881]\n",
      " [-0.3145638   0.73910887  0.59562379]\n",
      " [-0.21721305 -0.66687496  0.71280873]] 0.9999999999999999\n",
      "[[ 0.64776508 -0.75631016 -0.09162609]\n",
      " [ 0.28446625  0.12854495  0.95002903]\n",
      " [-0.70673854 -0.64146016  0.29841164]] 0.9999999999999998\n",
      "[[-0.73885472 -0.64327798  0.20071657]\n",
      " [ 0.64202231 -0.76246884 -0.08030327]\n",
      " [ 0.20469745  0.06953207  0.97635252]] 1.0\n",
      "[[ 0.0112614   0.43722441 -0.89928193]\n",
      " [-0.94902642 -0.27863214 -0.14735327]\n",
      " [-0.3149953   0.85510172  0.41179973]] 1.0\n",
      "[[ 0.97027217  0.04983026  0.23683086]\n",
      " [ 0.20692123  0.33672832 -0.91858459]\n",
      " [-0.12552096  0.9402824   0.31640718]] 1.0\n",
      "[[-0.68549616  0.64128174 -0.34475025]\n",
      " [-0.69405836 -0.7186131   0.04333827]\n",
      " [-0.21995     0.26898501  0.93769348]] 1.0000000000000002\n",
      "[[-0.86861177 -0.36528785  0.33478108]\n",
      " [-0.485217    0.7639684  -0.4253431 ]\n",
      " [-0.1003895  -0.5318995  -0.84083582]] 0.9999999999999999\n",
      "[[ 0.9151312  -0.39855127 -0.06075995]\n",
      " [-0.1486626  -0.19350734 -0.96977025]\n",
      " [ 0.37474567  0.89649975 -0.23633427]] 1.0000000000000002\n",
      "[[-0.99710611  0.05798236  0.04916766]\n",
      " [-0.05478258 -0.09960061 -0.99351829]\n",
      " [-0.0527094  -0.99333668  0.1024888 ]] 1.0000000000000002\n",
      "[[-0.3719362   0.86861655 -0.32736638]\n",
      " [-0.50828253 -0.48567302 -0.7111755 ]\n",
      " [-0.77673183 -0.0981173   0.62214199]] 1.0\n",
      "[[-0.14056404 -0.2659211   0.95369163]\n",
      " [ 0.98987814 -0.05678733  0.13006335]\n",
      " [ 0.01957101  0.96232072  0.27121174]] 1.0000000000000004\n",
      "[[-0.3764081   0.34042312 -0.86164322]\n",
      " [-0.40441972  0.77637805  0.48340646]\n",
      " [ 0.83352362  0.53042362 -0.15456116]] 1.0\n",
      "[[-0.99152438 -0.04310175  0.12256283]\n",
      " [ 0.10511013 -0.82060138  0.56175193]\n",
      " [ 0.07636273  0.56987333  0.81817671]] 0.9999999999999999\n",
      "[[ 0.74138482  0.5281589   0.41400088]\n",
      " [-0.58249703  0.20012957  0.78781049]\n",
      " [ 0.3332353  -0.82522502  0.45602401]] 1.0000000000000002\n",
      "[[-0.42953718 -0.60164368  0.67344093]\n",
      " [ 0.85508201 -0.51078632  0.08906224]\n",
      " [ 0.29040069  0.61410277  0.73385641]] 1.0000000000000002\n",
      "[[ 0.77700588 -0.23071989  0.5856878 ]\n",
      " [ 0.62047146  0.12374696 -0.77440419]\n",
      " [ 0.10619336  0.96511918  0.23930722]] 1.0\n",
      "[[ 0.63958074 -0.68391313  0.35099758]\n",
      " [-0.00416675 -0.45967527 -0.8880773 ]\n",
      " [ 0.76871263  0.56653462 -0.29684914]] 0.9999999999999997\n",
      "[[ 0.04075076 -0.35281276 -0.93480615]\n",
      " [ 0.67460004  0.69986734 -0.23473494]\n",
      " [ 0.73705777 -0.62105464  0.26652763]] 1.0000000000000004\n",
      "[[-0.46420663 -0.87236065 -0.15329417]\n",
      " [ 0.88431784 -0.44671544 -0.13574711]\n",
      " [ 0.04994156 -0.19857547  0.97881235]] 0.9999999999999999\n",
      "[[-0.08785251  0.87638079  0.47353843]\n",
      " [-0.84580461 -0.31674551  0.42928643]\n",
      " [ 0.52620956 -0.3628071   0.7690738 ]] 0.9999999999999989\n",
      "[[ 0.95894118 -0.22006003 -0.17890053]\n",
      " [-0.10705751  0.30325698 -0.94687586]\n",
      " [ 0.26262236  0.9271509   0.26724652]] 1.0\n",
      "[[-0.86270397 -0.46374477 -0.2016994 ]\n",
      " [-0.22145037 -0.01214069  0.97509607]\n",
      " [-0.45464447  0.88588565 -0.09222263]] 0.9999999999999994\n",
      "[[-0.77091384 -0.55048233  0.32040765]\n",
      " [-0.56224846  0.35177505 -0.74841899]\n",
      " [ 0.29928001 -0.75711527 -0.58069609]] 1.0000000000000002\n",
      "[[ 0.16295952 -0.37432535 -0.91286622]\n",
      " [-0.2852217   0.86785633 -0.40678492]\n",
      " [ 0.94450663  0.32665872  0.03465974]] 0.9999999999999998\n",
      "[[ 0.15058892 -0.56931524  0.80820983]\n",
      " [-0.1395307  -0.82158867 -0.55274157]\n",
      " [ 0.97870024 -0.02953333 -0.20315911]] 0.9999999999999997\n",
      "[[-0.21882758  0.09171322  0.97144386]\n",
      " [ 0.18859013 -0.97282599  0.13432555]\n",
      " [ 0.95736527  0.21259886  0.19558495]] 1.0\n",
      "[[-0.39888105 -0.81644031 -0.41751543]\n",
      " [ 0.36312007 -0.558716    0.74564083]\n",
      " [-0.84204378  0.14581377  0.51932709]] 1.0\n",
      "[[ 0.89900337 -0.24964679  0.3598186 ]\n",
      " [ 0.40752141  0.77774644 -0.47857786]\n",
      " [-0.16037221  0.57687689  0.80093308]] 1.0\n",
      "[[ 0.76740948 -0.40976979 -0.49312412]\n",
      " [ 0.50106315 -0.09656467  0.86000639]\n",
      " [-0.400023   -0.90706338  0.1312159 ]] 0.9999999999999998\n",
      "[[-0.30540649  0.13220734  0.94299952]\n",
      " [-0.1248068  -0.98732921  0.09800149]\n",
      " [ 0.94400749 -0.08776246  0.31803712]] 0.9999999999999994\n",
      "[[-0.55214543 -0.53338838 -0.64080594]\n",
      " [-0.29527905  0.84387013 -0.44798827]\n",
      " [ 0.77970873 -0.05813811 -0.62343745]] 0.9999999999999999\n",
      "[[-0.56383038 -0.24647727 -0.78825393]\n",
      " [-0.04672592  0.96242027 -0.26751433]\n",
      " [ 0.82456776 -0.11400082 -0.55415866]] 0.9999999999999996\n",
      "[[-0.52404865  0.59763001  0.60680423]\n",
      " [-0.84860828 -0.30585724 -0.4316426 ]\n",
      " [-0.07236711 -0.74114082  0.66743785]] 1.0000000000000004\n",
      "[[-0.6688243   0.72811082  0.1500956 ]\n",
      " [-0.74196222 -0.64112608 -0.19608521]\n",
      " [-0.04654156 -0.24251182  0.96903142]] 1.0\n",
      "[[-0.63690699 -0.54244687 -0.54781464]\n",
      " [-0.66327898  0.02337137  0.7480072 ]\n",
      " [-0.39295099  0.83976495 -0.374679  ]] 1.0\n",
      "[[ 0.68850174 -0.52792317 -0.49725495]\n",
      " [-0.18146632  0.53843136 -0.82289832]\n",
      " [ 0.70216475  0.65680195  0.27491065]] 1.0\n",
      "[[-0.47745578 -0.7993311  -0.36483663]\n",
      " [-0.41681421 -0.15948205  0.89489183]\n",
      " [-0.77349977  0.57934037 -0.25702694]] 0.9999999999999998\n",
      "[[-0.82952902  0.08403004  0.55210556]\n",
      " [ 0.08876925  0.99588595 -0.01819881]\n",
      " [-0.55136342  0.03391356 -0.83357558]] 1.0000000000000002\n",
      "[[-0.64375772 -0.08864547  0.76007761]\n",
      " [-0.51331904  0.78666617 -0.3430159 ]\n",
      " [-0.56752054 -0.61098144 -0.55192583]] 0.9999999999999997\n",
      "[[-0.9355214  -0.34809969 -0.0602189 ]\n",
      " [ 0.30309134 -0.70332323 -0.64301794]\n",
      " [ 0.18148099 -0.61980887  0.76347994]] 1.0000000000000004\n",
      "[[ 0.23438929  0.41671049  0.87830179]\n",
      " [-0.6816481  -0.57371036  0.45410604]\n",
      " [ 0.69312158 -0.70513034  0.14957835]] 1.0\n",
      "[[ 0.23689788 -0.97078321  0.03820155]\n",
      " [ 0.91308802  0.23590663  0.33259333]\n",
      " [-0.33188802 -0.04390927  0.9422963 ]] 1.0\n",
      "[[ 0.56018313 -0.05734257  0.82638169]\n",
      " [-0.33896703  0.89438891  0.29183872]\n",
      " [-0.7558414  -0.44359927  0.48158433]] 0.9999999999999999\n",
      "[[-0.35744581 -0.53549897  0.7651623 ]\n",
      " [-0.81972907 -0.21269763 -0.53179316]\n",
      " [ 0.4475229  -0.81731302 -0.3629362 ]] 0.9999999999999998\n",
      "[[-0.02416065  0.92575994 -0.37733909]\n",
      " [-0.90690219  0.13852312  0.39791929]\n",
      " [ 0.42064792  0.35182364  0.83622691]] 1.0000000000000004\n",
      "[[ 0.16635709 -0.94606416  0.27800704]\n",
      " [-0.76196111  0.05562077  0.64522987]\n",
      " [-0.62589183 -0.31916912 -0.7116112 ]] 1.0000000000000004\n",
      "[[ 0.25491492 -0.9587607   0.12568332]\n",
      " [ 0.88724657  0.28359421  0.36382392]\n",
      " [-0.38446314  0.01876795  0.92294954]] 1.0000000000000002\n",
      "[[-0.34682421 -0.32411284 -0.88014989]\n",
      " [ 0.84191499 -0.52117665 -0.13983579]\n",
      " [-0.413391   -0.78950983  0.45363214]] 1.0\n",
      "[[-0.71163412  0.67168089 -0.20596518]\n",
      " [ 0.63249046  0.48489753 -0.60401175]\n",
      " [-0.30583114 -0.56010638 -0.76990139]] 0.9999999999999998\n",
      "[[ 0.13666282  0.84887232  0.51062615]\n",
      " [-0.70673341  0.44474776 -0.55020661]\n",
      " [-0.694155   -0.28568377  0.66070691]] 0.9999999999999999\n",
      "[[ 0.97677506  0.13190409  0.16885439]\n",
      " [ 0.05916953  0.59136122 -0.8042331 ]\n",
      " [-0.20593557  0.79554586  0.56982218]] 0.9999999999999999\n",
      "[[-0.54239965 -0.83702122 -0.07209783]\n",
      " [ 0.03049587  0.06614573 -0.99734384]\n",
      " [ 0.83956693 -0.54315764 -0.01035173]] 1.0000000000000002\n",
      "[[-0.39244492  0.81716963  0.42216203]\n",
      " [-0.72991152  0.002586   -0.68353675]\n",
      " [-0.55965718 -0.57639146  0.59544666]] 1.0000000000000004\n",
      "[[ 0.84386783  0.53552054  0.03323902]\n",
      " [-0.49105893  0.74587235  0.45003951]\n",
      " [ 0.21621333 -0.39609619  0.89238983]] 0.9999999999999994\n",
      "[[-0.11148655  0.41683931 -0.90211736]\n",
      " [ 0.90022371 -0.34213047 -0.26933997]\n",
      " [-0.42091333 -0.84213522 -0.33710568]] 1.0\n",
      "[[ 0.03142139  0.27391638  0.96124009]\n",
      " [ 0.81664283  0.54746237 -0.18270042]\n",
      " [-0.57628742  0.79073053 -0.20648982]] 0.9999999999999997\n",
      "[[ 0.68689255 -0.58256928  0.43450162]\n",
      " [-0.70594733 -0.39279449  0.58936479]\n",
      " [-0.17267598 -0.71156555 -0.68107083]] 1.0\n",
      "[[ 0.13217605  0.01217999 -0.99115142]\n",
      " [-0.87710232  0.46724781 -0.11122503]\n",
      " [ 0.46175861  0.8840425   0.07244207]] 1.0000000000000002\n",
      "[[-0.75713274  0.33801703  0.55901208]\n",
      " [-0.56390983 -0.77016908 -0.29806929]\n",
      " [ 0.32978132 -0.54091042  0.77373135]] 0.9999999999999998\n",
      "[[-0.20134572 -0.49356684 -0.84608018]\n",
      " [-0.9091484  -0.2273195   0.3489628 ]\n",
      " [-0.36456699  0.83947461 -0.40295569]] 1.0000000000000002\n",
      "[[ 0.0751899  -0.75677134 -0.64934091]\n",
      " [-0.45139943 -0.60647454  0.6545435 ]\n",
      " [-0.88914849  0.24389706 -0.38720691]] 0.9999999999999994\n",
      "[[ 0.88690328 -0.35585389  0.29456846]\n",
      " [ 0.36868578  0.16105657 -0.91549526]\n",
      " [ 0.27834036  0.92055896  0.27403987]] 1.0\n",
      "[[-0.75133462 -0.57975518  0.31524629]\n",
      " [-0.33165403  0.74471811  0.57913775]\n",
      " [-0.57052773  0.33057354 -0.75181065]] 1.0\n",
      "[[ 0.62899606  0.50439594  0.59156461]\n",
      " [-0.11288879  0.81214021 -0.57243725]\n",
      " [-0.76916843  0.29327976  0.56777364]] 0.9999999999999997\n",
      "[[-0.22414644  0.92015996 -0.32103585]\n",
      " [ 0.51924824 -0.16600525 -0.83834571]\n",
      " [-0.82470579 -0.3546095  -0.44058195]] 0.9999999999999998\n",
      "[[ 0.04667146 -0.32855839 -0.94332982]\n",
      " [-0.9831716   0.15186749 -0.10153754]\n",
      " [ 0.17662214  0.932194   -0.31594141]] 1.0000000000000002\n",
      "[[ 0.20643122  0.87401903 -0.43986007]\n",
      " [-0.88306806 -0.02718768 -0.46845664]\n",
      " [-0.42139879  0.48513046  0.76620591]] 1.0\n",
      "[[ 0.19663077 -0.97243639 -0.12531485]\n",
      " [-0.23374688 -0.17061736  0.95721059]\n",
      " [-0.9522073  -0.1589251  -0.26085259]] 1.0000000000000002\n",
      "[[ 0.85339798  0.31489724 -0.41539332]\n",
      " [-0.51174054  0.65773158 -0.55273031]\n",
      " [ 0.09916406  0.68427254  0.72245248]] 1.0\n",
      "[[-0.64930589  0.06548157  0.75770312]\n",
      " [ 0.19563017  0.97714227  0.08319751]\n",
      " [-0.73493585  0.20225022 -0.6472744 ]] 1.0\n",
      "[[ 0.96109964  0.00121885  0.27619921]\n",
      " [ 0.2465785   0.44676696 -0.85999903]\n",
      " [-0.12444489  0.89464954  0.42908702]] 1.0\n",
      "[[ 0.63128023  0.5921477   0.50084566]\n",
      " [-0.70753556  0.70419065  0.05923649]\n",
      " [-0.31761408 -0.39176094  0.86350719]] 1.0\n",
      "[[ 0.85668424 -0.37713009  0.35194462]\n",
      " [-0.51580249 -0.61791696  0.59340241]\n",
      " [-0.00631735 -0.6898924  -0.72388436]] 1.0\n",
      "[[ 0.43637156  0.43872749 -0.78555589]\n",
      " [-0.89364449  0.10965451 -0.43517285]\n",
      " [-0.10478255  0.89190475  0.43991651]] 0.9999999999999994\n",
      "[[-0.02856933  0.97940324  0.19988266]\n",
      " [-0.22704449  0.18837968 -0.95549144]\n",
      " [-0.97346525 -0.07268001  0.21698623]] 1.0000000000000004\n",
      "[[-0.68497293 -0.54367419  0.48500563]\n",
      " [ 0.71958815 -0.40064344  0.56716641]\n",
      " [-0.11403941  0.73749794  0.66565142]] 1.0\n",
      "[[ 0.14366706  0.88010917 -0.45251257]\n",
      " [-0.21213429  0.47401539  0.85458086]\n",
      " [ 0.96662238 -0.02678169  0.25480173]] 1.0\n",
      "[[-0.88382969 -0.2955634   0.36261185]\n",
      " [ 0.14074474  0.57121334  0.80864469]\n",
      " [-0.4461345   0.7657399  -0.46325632]] 0.9999999999999999\n",
      "[[ 0.39138177 -0.89686396 -0.20604694]\n",
      " [-0.92022685 -0.38103338 -0.08942094]\n",
      " [ 0.00168765  0.22460765 -0.97444782]] 0.9999999999999999\n",
      "[[-0.78313959  0.34204423  0.51932469]\n",
      " [-0.59280245 -0.15839901 -0.789617  ]\n",
      " [-0.18782343 -0.92623728  0.32681319]] 1.0000000000000002\n",
      "[[-0.43874282  0.37764144  0.8154089 ]\n",
      " [ 0.23343245  0.92415454 -0.30240317]\n",
      " [-0.86776381  0.05766568 -0.49361994]] 0.9999999999999998\n",
      "[[ 0.1709883  -0.42247698  0.89009898]\n",
      " [-0.04649185 -0.90585669 -0.42102513]\n",
      " [ 0.98417555  0.03060802 -0.17453263]] 1.0000000000000004\n",
      "[[ 0.85712907  0.31698609 -0.40601672]\n",
      " [ 0.22071825  0.48618172  0.84552398]\n",
      " [ 0.46541725 -0.81433848  0.34675587]] 1.0\n",
      "[[-0.23457158 -0.22990303  0.94452145]\n",
      " [ 0.87740926 -0.46835575  0.10390327]\n",
      " [ 0.41848438  0.85310462  0.311582  ]] 0.9999999999999999\n",
      "[[ 0.53268555  0.60284094  0.59399403]\n",
      " [ 0.80983184 -0.15923605 -0.56463818]\n",
      " [-0.24580174  0.78180987 -0.57302253]] 1.0\n",
      "[[ 0.54312821 -0.79581389  0.2677536 ]\n",
      " [ 0.43188457  0.53824902  0.72371521]\n",
      " [-0.72006074 -0.2774315   0.63603797]] 0.9999999999999998\n",
      "[[-0.41214802  0.80777426  0.42146739]\n",
      " [ 0.30271613 -0.31490161  0.8995554 ]\n",
      " [ 0.85935846  0.49833495 -0.11474022]] 1.0000000000000004\n",
      "[[-0.73748512 -0.62134922  0.26465231]\n",
      " [-0.67365997  0.70460572 -0.22296418]\n",
      " [-0.04793691 -0.34271843 -0.93821433]] 1.0000000000000002\n",
      "[[ 0.3864079  -0.87382867 -0.2951481 ]\n",
      " [-0.76610147 -0.12588802 -0.63027038]\n",
      " [ 0.51359271  0.46965484 -0.71808555]] 1.0\n",
      "[[-0.54532475  0.00087623  0.8382244 ]\n",
      " [ 0.68868493  0.57053352  0.44744226]\n",
      " [-0.47784305  0.82127385 -0.3117295 ]] 1.0\n",
      "[[-0.81010711  0.5855529  -0.0292281 ]\n",
      " [-0.57612645 -0.7858459   0.22477662]\n",
      " [ 0.10864982  0.19893222  0.97397186]] 1.0\n",
      "[[ 0.61274409 -0.78995901 -0.02257088]\n",
      " [-0.63146684 -0.50658043  0.58704846]\n",
      " [-0.47517819 -0.34545772 -0.80923708]] 0.9999999999999998\n",
      "[[-0.69842709 -0.68327837 -0.21290906]\n",
      " [ 0.19202027 -0.46549042  0.86397157]\n",
      " [-0.68944022  0.56253829  0.45631442]] 0.9999999999999999\n",
      "[[-0.32662453  0.6876816  -0.64839065]\n",
      " [ 0.84486634 -0.09509644 -0.52645753]\n",
      " [-0.4236948  -0.71975738 -0.5499382 ]] 1.0\n",
      "[[ 0.84144908 -0.04108813 -0.53877195]\n",
      " [-0.53778697 -0.16042974 -0.82767595]\n",
      " [-0.05242739  0.9861917  -0.15709012]] 1.0\n",
      "[[-0.38046182 -0.22960385  0.89584087]\n",
      " [ 0.44510101  0.80364988  0.39500882]\n",
      " [-0.81063795  0.54902545 -0.20356119]] 0.9999999999999998\n",
      "[[ 0.07995234  0.73917844  0.66874723]\n",
      " [-0.95788616  0.24259666 -0.15362603]\n",
      " [-0.2757929  -0.62830096  0.72744497]] 1.0\n",
      "[[-0.07901416  0.71175724 -0.69796733]\n",
      " [ 0.0920167  -0.6919598  -0.71604788]\n",
      " [-0.99261759 -0.12080257 -0.01081894]] 0.9999999999999991\n",
      "[[ 0.70986155 -0.32000962 -0.62744755]\n",
      " [ 0.28639286  0.94500179 -0.15795804]\n",
      " [ 0.64348715 -0.06756816  0.7624689 ]] 0.9999999999999997\n",
      "[[-0.76262332  0.40607374  0.50349756]\n",
      " [-0.40087621  0.31417929 -0.86057518]\n",
      " [-0.50764548 -0.85813489 -0.07681515]] 0.9999999999999998\n",
      "[[-0.9779537  -0.01528889 -0.20826142]\n",
      " [ 0.04808557 -0.98700249 -0.15334232]\n",
      " [-0.2032101  -0.15997605  0.96597791]] 1.0000000000000004\n",
      "[[ 0.51798004  0.76260099 -0.3874744 ]\n",
      " [-0.08467243 -0.40504262 -0.91036864]\n",
      " [-0.85119167  0.50436118 -0.14523272]] 0.9999999999999996\n",
      "[[ 0.85419506 -0.26459188  0.44759574]\n",
      " [-0.49416335 -0.68086574  0.54057786]\n",
      " [ 0.1617201  -0.68294434 -0.71234376]] 1.0000000000000002\n",
      "[[ 0.39434752  0.76609005  0.50753923]\n",
      " [-0.9189472   0.33181071  0.2131612 ]\n",
      " [-0.00510628 -0.55046134  0.83484504]] 0.9999999999999998\n",
      "[[ 0.76628607 -0.33350613  0.54916239]\n",
      " [ 0.13024896  0.91761568  0.37552187]\n",
      " [-0.62915886 -0.21622935  0.74659493]] 1.0000000000000002\n",
      "[[-0.28964056 -0.78847495 -0.54260077]\n",
      " [-0.73120151 -0.18352923  0.65700941]\n",
      " [-0.61761857  0.58704708 -0.52337657]] 0.9999999999999998\n",
      "[[ 0.94691418  0.21773995 -0.23652241]\n",
      " [ 0.04722642 -0.82194596 -0.56760418]\n",
      " [-0.31799874  0.52630234 -0.78859536]] 1.0000000000000002\n",
      "[[ 0.11983686  0.33269244 -0.93539022]\n",
      " [-0.15638644 -0.92409156 -0.34870915]\n",
      " [-0.98039911  0.18807055 -0.05871165]] 0.9999999999999992\n",
      "[[-0.35512765  0.37413552  0.8566837 ]\n",
      " [ 0.70212871  0.71177494 -0.0197914 ]\n",
      " [-0.61717066  0.59447375 -0.51546225]] 0.9999999999999997\n",
      "[[ 0.21957817 -0.8661295   0.44900459]\n",
      " [-0.3688997   0.35235315  0.86009317]\n",
      " [-0.90316025 -0.35449535 -0.24214585]] 0.9999999999999999\n",
      "[[ 0.82945781  0.18633525 -0.5265728 ]\n",
      " [-0.37150845  0.88800839 -0.27096599]\n",
      " [ 0.41711055  0.4203811   0.80579062]] 0.9999999999999999\n",
      "[[ 0.45834541  0.84241846  0.28328539]\n",
      " [ 0.36831452  0.1100451  -0.92316547]\n",
      " [-0.80886581  0.52746678 -0.25983628]] 1.000000000000001\n",
      "[[-0.50401253  0.74474926  0.43740131]\n",
      " [ 0.33905523  0.63638406 -0.69286137]\n",
      " [-0.79436322 -0.20090762 -0.57325667]] 1.0\n",
      "[[ 0.51394925  0.79195484 -0.32964177]\n",
      " [ 0.80045357 -0.58092377 -0.14765383]\n",
      " [-0.30843191 -0.18797636 -0.93248842]] 0.9999999999999999\n",
      "[[ 0.56584047  0.18298221 -0.80395402]\n",
